Node IP: 10.128.2.151
WARNING:torch.distributed.run:
*****************************************
Setting OMP_NUM_THREADS environment variable for each process to be 1 in default, to avoid your system being overloaded, please further tune the variable for optimal performance in your application as needed. 
*****************************************
WARNING:torch.distributed.run:
*****************************************
Setting OMP_NUM_THREADS environment variable for each process to be 1 in default, to avoid your system being overloaded, please further tune the variable for optimal performance in your application as needed. 
*****************************************
INFO:torch.distributed.launcher.api:Starting elastic_operator with launch configs:
  entrypoint       : train.py
  min_nodes        : 2
  max_nodes        : 2
  nproc_per_node   : 2
  run_id           : 7303
  rdzv_backend     : c10d
  rdzv_endpoint    : 10.128.2.151:29500
  rdzv_configs     : {'timeout': 900}
  max_restarts     : 0
  monitor_interval : 5
  log_dir          : None
  metrics_cfg      : {}

INFO:torch.distributed.launcher.api:Starting elastic_operator with launch configs:
  entrypoint       : train.py
  min_nodes        : 2
  max_nodes        : 2
  nproc_per_node   : 2
  run_id           : 7303
  rdzv_backend     : c10d
  rdzv_endpoint    : 10.128.2.151:29500
  rdzv_configs     : {'timeout': 900}
  max_restarts     : 0
  monitor_interval : 5
  log_dir          : None
  metrics_cfg      : {}

INFO:torch.distributed.elastic.agent.server.local_elastic_agent:log directory set to: /tmp/torchelastic_1p4_xh5t/7303_67wwt6l1
INFO:torch.distributed.elastic.agent.server.api:[default] starting workers for entrypoint: python
INFO:torch.distributed.elastic.agent.server.api:[default] Rendezvous'ing worker group
INFO:torch.distributed.elastic.agent.server.local_elastic_agent:log directory set to: /tmp/torchelastic_m6uz2h4j/7303_mt384ffd
INFO:torch.distributed.elastic.agent.server.api:[default] starting workers for entrypoint: python
INFO:torch.distributed.elastic.agent.server.api:[default] Rendezvous'ing worker group
INFO:torch.distributed.elastic.agent.server.api:[default] Rendezvous complete for workers. Result:
  restart_count=0
  master_addr=gpu001.hpc
  master_port=39215
  group_rank=0
  group_world_size=2
  local_ranks=[0, 1]
  role_ranks=[0, 1]
  global_ranks=[0, 1]
  role_world_sizes=[4, 4]
  global_world_sizes=[4, 4]

INFO:torch.distributed.elastic.agent.server.api:[default] Starting worker group
INFO:torch.distributed.elastic.agent.server.api:[default] Rendezvous complete for workers. Result:
  restart_count=0
  master_addr=gpu001.hpc
  master_port=39215
  group_rank=1
  group_world_size=2
  local_ranks=[0, 1]
  role_ranks=[2, 3]
  global_ranks=[2, 3]
  role_world_sizes=[4, 4]
  global_world_sizes=[4, 4]

INFO:torch.distributed.elastic.agent.server.api:[default] Starting worker group
INFO:torch.distributed.elastic.agent.server.local_elastic_agent:Environment variable 'TORCHELASTIC_ENABLE_FILE_TIMER' not found. Do not start FileTimerServer.
INFO:torch.distributed.elastic.multiprocessing:Setting worker0 reply file to: /tmp/torchelastic_1p4_xh5t/7303_67wwt6l1/attempt_0/0/error.json
INFO:torch.distributed.elastic.multiprocessing:Setting worker1 reply file to: /tmp/torchelastic_1p4_xh5t/7303_67wwt6l1/attempt_0/1/error.json
INFO:torch.distributed.elastic.agent.server.local_elastic_agent:Environment variable 'TORCHELASTIC_ENABLE_FILE_TIMER' not found. Do not start FileTimerServer.
INFO:torch.distributed.elastic.multiprocessing:Setting worker0 reply file to: /tmp/torchelastic_m6uz2h4j/7303_mt384ffd/attempt_0/0/error.json
INFO:torch.distributed.elastic.multiprocessing:Setting worker1 reply file to: /tmp/torchelastic_m6uz2h4j/7303_mt384ffd/attempt_0/1/error.json
PORT:  39215
WORLD SIZE:  4
MASTER NODE:  gpu001.hpc
My slurm id is:  1
My rank is:  3
PORT:  39215
WORLD SIZE:  4
MASTER NODE:  gpu001.hpc
My slurm id is:  1
My rank is:  2
PORT:  39215
WORLD SIZE:  4
MASTER NODE:  gpu001.hpc
My slurm id is:  0
My rank is:  0
PORT:  39215
WORLD SIZE:  4
MASTER NODE:  gpu001.hpc
My slurm id is:  0
My rank is:  1
Some weights of the model checkpoint at bert-base-cased were not used when initializing BertForSequenceClassification: ['cls.predictions.transform.dense.weight', 'cls.predictions.transform.dense.bias', 'cls.predictions.transform.LayerNorm.bias', 'cls.seq_relationship.bias', 'cls.predictions.decoder.weight', 'cls.seq_relationship.weight', 'cls.predictions.bias', 'cls.predictions.transform.LayerNorm.weight']
- This IS expected if you are initializing BertForSequenceClassification from the checkpoint of a model trained on another task or with another architecture (e.g. initializing a BertForSequenceClassification model from a BertForPreTraining model).
- This IS NOT expected if you are initializing BertForSequenceClassification from the checkpoint of a model that you expect to be exactly identical (initializing a BertForSequenceClassification model from a BertForSequenceClassification model).
Some weights of BertForSequenceClassification were not initialized from the model checkpoint at bert-base-cased and are newly initialized: ['classifier.bias', 'classifier.weight']
You should probably TRAIN this model on a down-stream task to be able to use it for predictions and inference.
Some weights of the model checkpoint at bert-base-cased were not used when initializing BertForSequenceClassification: ['cls.predictions.transform.dense.bias', 'cls.predictions.bias', 'cls.predictions.transform.dense.weight', 'cls.predictions.transform.LayerNorm.bias', 'cls.seq_relationship.weight', 'cls.predictions.transform.LayerNorm.weight', 'cls.predictions.decoder.weight', 'cls.seq_relationship.bias']
- This IS expected if you are initializing BertForSequenceClassification from the checkpoint of a model trained on another task or with another architecture (e.g. initializing a BertForSequenceClassification model from a BertForPreTraining model).
- This IS NOT expected if you are initializing BertForSequenceClassification from the checkpoint of a model that you expect to be exactly identical (initializing a BertForSequenceClassification model from a BertForSequenceClassification model).
Some weights of BertForSequenceClassification were not initialized from the model checkpoint at bert-base-cased and are newly initialized: ['classifier.bias', 'classifier.weight']
You should probably TRAIN this model on a down-stream task to be able to use it for predictions and inference.
Some weights of the model checkpoint at bert-base-cased were not used when initializing BertForSequenceClassification: ['cls.predictions.transform.LayerNorm.weight', 'cls.seq_relationship.weight', 'cls.seq_relationship.bias', 'cls.predictions.transform.dense.bias', 'cls.predictions.transform.dense.weight', 'cls.predictions.bias', 'cls.predictions.transform.LayerNorm.bias', 'cls.predictions.decoder.weight']
- This IS expected if you are initializing BertForSequenceClassification from the checkpoint of a model trained on another task or with another architecture (e.g. initializing a BertForSequenceClassification model from a BertForPreTraining model).
- This IS NOT expected if you are initializing BertForSequenceClassification from the checkpoint of a model that you expect to be exactly identical (initializing a BertForSequenceClassification model from a BertForSequenceClassification model).
Some weights of BertForSequenceClassification were not initialized from the model checkpoint at bert-base-cased and are newly initialized: ['classifier.weight', 'classifier.bias']
You should probably TRAIN this model on a down-stream task to be able to use it for predictions and inference.
Some weights of the model checkpoint at bert-base-cased were not used when initializing BertForSequenceClassification: ['cls.seq_relationship.bias', 'cls.seq_relationship.weight', 'cls.predictions.transform.LayerNorm.bias', 'cls.predictions.transform.LayerNorm.weight', 'cls.predictions.transform.dense.weight', 'cls.predictions.decoder.weight', 'cls.predictions.bias', 'cls.predictions.transform.dense.bias']
- This IS expected if you are initializing BertForSequenceClassification from the checkpoint of a model trained on another task or with another architecture (e.g. initializing a BertForSequenceClassification model from a BertForPreTraining model).
- This IS NOT expected if you are initializing BertForSequenceClassification from the checkpoint of a model that you expect to be exactly identical (initializing a BertForSequenceClassification model from a BertForSequenceClassification model).
Some weights of BertForSequenceClassification were not initialized from the model checkpoint at bert-base-cased and are newly initialized: ['classifier.bias', 'classifier.weight']
You should probably TRAIN this model on a down-stream task to be able to use it for predictions and inference.
------------------------

------------------------

------------------------

------------------------

Loading checkpoint...
Loading checkpoint...
Loading checkpoint...
Loading checkpoint...
Retrieving epoch...
Loading model state...
Retrieving epoch...
Loading model state...
Retrieving epoch...
Loading model state...
Retrieving epoch...
Loading model state...
Loading scheduler state...
Loading optmizer state...
Loading scheduler state...
Loading optmizer state...
Loading scheduler state...
Loading optmizer state...
Loading scheduler state...
Loading optmizer state...
LOADED!
LOADED!
I'm process 2 using GPU 0
I'm process 0 using GPU 0
LOADED!
I'm process 1 using GPU 1
LOADED!
I'm process 3 using GPU 1
Labels:  tensor([2, 2, 1, 1, 1, 4, 4, 4, 3, 2, 0, 3, 3, 4, 0, 3], device='cuda:0')
Preds:  tensor([4, 3, 3, 1, 0, 4, 4, 4, 2, 2, 2, 2, 3, 4, 0, 3], device='cuda:0')
Labels:  tensor([3, 0, 0, 1, 0, 3, 0, 0, 3, 1, 4, 4, 4, 1, 2, 0], device='cuda:1')
Preds:  tensor([4, 1, 2, 1, 0, 2, 0, 1, 3, 1, 4, 3, 4, 1, 2, 0], device='cuda:1')
Outputs:  tensor([[    0.0004,     0.0004,     0.0076,     0.3150,     0.6767],
        [    0.4009,     0.5081,     0.0900,     0.0008,     0.0002],
        [    0.1339,     0.3395,     0.4960,     0.0281,     0.0026],
        [    0.4290,     0.4756,     0.0931,     0.0018,     0.0004],
        [    0.8112,     0.1662,     0.0223,     0.0002,     0.0001],
        [    0.0016,     0.0229,     0.7647,     0.2070,     0.0037],
        [    0.9448,     0.0527,     0.0023,     0.0001,     0.0001],
        [    0.4223,     0.5543,     0.0225,     0.0007,     0.0002],
        [    0.0002,     0.0044,     0.3840,     0.5336,     0.0778],
        [    0.1993,     0.4316,     0.3496,     0.0175,     0.0021],
        [    0.1786,     0.1146,     0.2395,     0.1751,     0.2922],
        [    0.0429,     0.0353,     0.2942,     0.5234,     0.1042],
        [    0.0003,     0.0003,     0.0031,     0.0785,     0.9179],
        [    0.1763,     0.7041,     0.1083,     0.0095,     0.0017],
        [    0.0009,     0.0433,     0.9522,     0.0035,     0.0001],
        [    0.9770,     0.0223,     0.0004,     0.0001,     0.0001]],
       device='cuda:1')
Metric:  tensor(0.6250, device='cuda:1')
------------------------
Outputs:  Labels:  tensor([0, 4, 2, 3, 0, 1, 2, 2, 3, 2, 2, 4, 4, 1, 1, 2], device='cuda:1')
Preds:  tensor([0, 4, 1, 4, 0, 2, 3, 3, 2, 2, 0, 4, 4, 2, 1, 4], device='cuda:1')
Outputs:  tensor([[    0.8679,     0.1276,     0.0044,     0.0001,     0.0000],
        [    0.0002,     0.0002,     0.0013,     0.1010,     0.8974],
        [    0.0347,     0.6961,     0.2285,     0.0335,     0.0073],
        [    0.0001,     0.0000,     0.0001,     0.0139,     0.9859],
        [    0.9849,     0.0131,     0.0015,     0.0002,     0.0002],
        [    0.0538,     0.3873,     0.4355,     0.1155,     0.0079],
        [    0.0154,     0.1366,     0.2550,     0.3148,     0.2783],
        [    0.0003,     0.0035,     0.3240,     0.6374,     0.0348],
        [    0.1058,     0.3883,     0.4749,     0.0304,     0.0005],
        [    0.0035,     0.0534,     0.6814,     0.2561,     0.0056],
        [    0.7360,     0.2277,     0.0344,     0.0013,     0.0007],
        [    0.0001,     0.0001,     0.0005,     0.0385,     0.9609],
        [    0.0004,     0.0002,     0.0004,     0.0024,     0.9966],
        [    0.0130,     0.3808,     0.5064,     0.0939,     0.0060],
        [    0.0036,     0.9911,     0.0046,     0.0004,     0.0002],
        [    0.0145,     0.0052,     0.0412,     0.2152,     0.7239]],
       device='cuda:1')
Metric:  tensor(0.4375, device='cuda:1')
------------------------
tensor([[    0.0001,     0.0002,     0.0139,     0.4763,     0.5095],
        [    0.0004,     0.0051,     0.3087,     0.6810,     0.0048],
        [    0.0047,     0.0321,     0.3627,     0.5026,     0.0980],
        [    0.1012,     0.4844,     0.3999,     0.0140,     0.0005],
        [    0.6095,     0.3723,     0.0179,     0.0002,     0.0001],
        [    0.0001,     0.0001,     0.0008,     0.0548,     0.9442],
        [    0.0004,     0.0002,     0.0013,     0.0421,     0.9559],
        [    0.0002,     0.0003,     0.0050,     0.1153,     0.8792],
        [    0.0019,     0.0250,     0.8658,     0.0961,     0.0112],
        [    0.0042,     0.0431,     0.5325,     0.4118,     0.0085],
        [    0.0408,     0.3986,     0.5091,     0.0478,     0.0036],
        [    0.0056,     0.0786,     0.7058,     0.1769,     0.0331],
        [    0.0007,     0.0050,     0.1327,     0.5539,     0.3078],
        [    0.0002,     0.0016,     0.0035,     0.2451,     0.7496],
        [    0.9358,     0.0625,     0.0016,     0.0000,     0.0000],
        [    0.0001,     0.0002,     0.0069,     0.8888,     0.1040]],
       device='cuda:0')
Metric:  tensor(0.5625, device='cuda:0')
------------------------
Labels:  tensor([3, 1, 1, 4, 0, 2, 4, 1, 3, 0, 2, 3, 2, 2, 4, 4], device='cuda:0')
Preds:  tensor([3, 1, 0, 4, 0, 2, 4, 0, 3, 0, 1, 4, 1, 2, 3, 4], device='cuda:0')
Outputs:  tensor([[    0.0002,     0.0005,     0.0173,     0.9815,     0.0005],
        [    0.4417,     0.4541,     0.1026,     0.0013,     0.0003],
        [    0.7460,     0.2149,     0.0361,     0.0025,     0.0005],
        [    0.0017,     0.0007,     0.0042,     0.0565,     0.9370],
        [    0.8583,     0.0647,     0.0403,     0.0187,     0.0179],
        [    0.0015,     0.0906,     0.6603,     0.2406,     0.0069],
        [    0.0032,     0.0020,     0.0089,     0.0881,     0.8978],
        [    0.5450,     0.4260,     0.0287,     0.0002,     0.0001],
        [    0.0001,     0.0011,     0.2225,     0.7572,     0.0191],
        [    0.6956,     0.2254,     0.0768,     0.0022,     0.0001],
        [    0.3606,     0.5012,     0.1358,     0.0020,     0.0004],
        [    0.0008,     0.0007,     0.0184,     0.4664,     0.5136],
        [    0.0220,     0.6748,     0.3018,     0.0014,     0.0000],
        [    0.0065,     0.0682,     0.6177,     0.2878,     0.0198],
        [    0.0001,     0.0002,     0.0069,     0.6011,     0.3918],
        [    0.0024,     0.0009,     0.0077,     0.2235,     0.7655]],
       device='cuda:0')
Metric:  tensor(0.6250, device='cuda:0')
------------------------
Labels:  tensor([3, 2, 3, 1, 3, 4, 3, 0, 3, 1, 1, 0, 0, 3, 2, 0], device='cuda:1')
Preds:  tensor([3, 2, 3, 1, 2, 4, 2, 1, 4, 1, 1, 0, 0, 3, 2, 2], device='cuda:1')
Outputs:  tensor([[    0.0021,     0.0105,     0.3312,     0.6467,     0.0094],
        [    0.0013,     0.0386,     0.7215,     0.2340,     0.0046],
        [    0.0082,     0.0055,     0.0594,     0.9240,     0.0027],
        [    0.3286,     0.4504,     0.2153,     0.0054,     0.0004],
        [    0.0009,     0.0264,     0.9401,     0.0321,     0.0005],
        [    0.0008,     0.0008,     0.0129,     0.1717,     0.8138],
        [    0.0112,     0.0876,     0.5494,     0.3161,     0.0356],
        [    0.1930,     0.5320,     0.2731,     0.0017,     0.0001],
        [    0.0001,     0.0001,     0.0047,     0.3525,     0.6426],
        [    0.1634,     0.5183,     0.2879,     0.0261,     0.0043],
        [    0.1355,     0.4924,     0.3660,     0.0058,     0.0003],
        [    0.8450,     0.1465,     0.0081,     0.0002,     0.0001],
        [    0.6152,     0.2789,     0.0964,     0.0077,     0.0017],
        [    0.0115,     0.0542,     0.2220,     0.5495,     0.1627],
        [    0.0226,     0.1624,     0.6469,     0.1609,     0.0071],
        [    0.0144,     0.1370,     0.6873,     0.1603,     0.0011]],
       device='cuda:1')
Metric:  tensor(0.6875, device='cuda:1')
------------------------
Labels:  tensor([2, 0, 4, 4, 4, 0, 0, 2, 4, 0, 4, 0, 0, 0, 1, 2], device='cuda:1')
Preds:  tensor([2, 0, 4, 4, 4, 0, 0, 2, 4, 2, 4, 0, 0, 0, 2, 4], device='cuda:1')
Outputs:  tensor([[    0.0007,     0.0031,     0.9748,     0.0182,     0.0033],
        [    0.6166,     0.3316,     0.0469,     0.0036,     0.0014],
        [    0.0004,     0.0022,     0.0012,     0.0182,     0.9781],
        [    0.0001,     0.0000,     0.0001,     0.0140,     0.9857],
        [    0.0003,     0.0003,     0.0077,     0.2133,     0.7784],
        [    0.6520,     0.3196,     0.0264,     0.0013,     0.0008],
        [    0.8423,     0.1481,     0.0091,     0.0003,     0.0001],
        [    0.0436,     0.2731,     0.6552,     0.0272,     0.0008],
        [    0.0002,     0.0002,     0.0053,     0.1685,     0.8257],
        [    0.0602,     0.4331,     0.4959,     0.0103,     0.0005],
        [    0.0036,     0.0037,     0.0638,     0.4627,     0.4662],
        [    0.5081,     0.2252,     0.1761,     0.0456,     0.0450],
        [    0.5305,     0.4366,     0.0324,     0.0004,     0.0001],
        [    0.8857,     0.1133,     0.0009,     0.0000,     0.0001],
        [    0.0120,     0.2454,     0.7151,     0.0273,     0.0002],
        [    0.0512,     0.0523,     0.0970,     0.1085,     0.6909]],
       device='cuda:1')
Metric:  tensor(0.8125, device='cuda:1')
------------------------
Labels:  tensor([0, 1, 4, 2, 3, 2, 1, 0, 2, 2, 2, 0, 2, 4, 3, 4], device='cuda:0')
Preds:  tensor([0, 1, 4, 1, 2, 2, 1, 0, 1, 3, 3, 0, 3, 4, 0, 4], device='cuda:0')
Outputs:  tensor([[    0.4852,     0.4841,     0.0305,     0.0001,     0.0000],
        [    0.1188,     0.8752,     0.0057,     0.0002,     0.0001],
        [    0.0005,     0.0010,     0.0159,     0.1970,     0.7857],
        [    0.3059,     0.5369,     0.1538,     0.0031,     0.0004],
        [    0.1898,     0.3387,     0.4195,     0.0382,     0.0138],
        [    0.0404,     0.0255,     0.9098,     0.0203,     0.0040],
        [    0.3164,     0.5626,     0.1204,     0.0005,     0.0001],
        [    0.9595,     0.0332,     0.0051,     0.0010,     0.0012],
        [    0.3968,     0.4073,     0.1923,     0.0033,     0.0004],
        [    0.0004,     0.0036,     0.2220,     0.6604,     0.1136],
        [    0.0011,     0.0140,     0.4523,     0.4526,     0.0800],
        [    0.9506,     0.0475,     0.0018,     0.0002,     0.0001],
        [    0.0004,     0.0094,     0.1863,     0.7812,     0.0227],
        [    0.0049,     0.0025,     0.0284,     0.2212,     0.7431],
        [    0.6528,     0.2834,     0.0627,     0.0011,     0.0001],
        [    0.0002,     0.0002,     0.0003,     0.0119,     0.9874]],
       device='cuda:0')
Metric:  tensor(0.5625, device='cuda:0')
------------------------
Labels:  tensor([1, 1, 1, 1, 2, 1, 0, 0, 4, 4, 2, 1, 3, 0, 0, 1], device='cuda:0')
Preds:  tensor([3, 0, 1, 4, 1, 2, 0, 0, 4, 4, 2, 1, 2, 0, 0, 1], device='cuda:0')
Outputs:  tensor([[    0.0039,     0.0329,     0.3305,     0.4735,     0.1592],
        [    0.3718,     0.3531,     0.2685,     0.0061,     0.0006],
        [    0.0663,     0.5414,     0.3866,     0.0054,     0.0002],
        [    0.0374,     0.0260,     0.0743,     0.1757,     0.6866],
        [    0.0256,     0.6549,     0.2823,     0.0316,     0.0055],
        [    0.0074,     0.1410,     0.8049,     0.0454,     0.0013],
        [    0.9370,     0.0560,     0.0044,     0.0009,     0.0017],
        [    0.5827,     0.4070,     0.0101,     0.0001,     0.0001],
        [    0.0003,     0.0002,     0.0022,     0.0972,     0.9001],
        [    0.0007,     0.0004,     0.0035,     0.0610,     0.9344],
        [    0.0053,     0.1270,     0.7850,     0.0818,     0.0009],
        [    0.3997,     0.4673,     0.1293,     0.0027,     0.0010],
        [    0.0011,     0.0167,     0.7627,     0.2192,     0.0002],
        [    0.6026,     0.3300,     0.0634,     0.0038,     0.0002],
        [    0.5512,     0.2944,     0.1105,     0.0249,     0.0190],
        [    0.2896,     0.5030,     0.2039,     0.0034,     0.0001]],
       device='cuda:0')
Metric:  tensor(0.6250, device='cuda:0')
------------------------
Labels:  tensor([3, 2, 3, 2, 3, 0, 2, 4, 1, 1, 1, 1, 0, 0, 0, 0], device='cuda:1')
Preds:  tensor([4, 2, 2, 2, 4, 0, 1, 4, 2, 0, 1, 2, 0, 0, 0, 0], device='cuda:1')
Outputs:  tensor([[    0.0002,     0.0005,     0.0094,     0.2506,     0.7393],
        [    0.0018,     0.0354,     0.8242,     0.1366,     0.0020],
        [    0.0012,     0.0285,     0.8882,     0.0812,     0.0008],
        [    0.0030,     0.0250,     0.9705,     0.0013,     0.0002],
        [    0.0002,     0.0002,     0.0023,     0.0903,     0.9070],
        [    0.7712,     0.2165,     0.0119,     0.0002,     0.0001],
        [    0.2007,     0.4406,     0.2903,     0.0600,     0.0085],
        [    0.0008,     0.0012,     0.0079,     0.1264,     0.8637],
        [    0.0081,     0.1277,     0.8042,     0.0595,     0.0005],
        [    0.7115,     0.1706,     0.0694,     0.0217,     0.0268],
        [    0.2112,     0.5833,     0.2032,     0.0023,     0.0001],
        [    0.2546,     0.2820,     0.3934,     0.0564,     0.0136],
        [    0.9946,     0.0033,     0.0009,     0.0003,     0.0008],
        [    0.8502,     0.1131,     0.0248,     0.0054,     0.0065],
        [    0.9896,     0.0101,     0.0002,     0.0001,     0.0001],
        [    0.9971,     0.0019,     0.0003,     0.0002,     0.0005]],
       device='cuda:1')
Metric:  tensor(0.5625, device='cuda:1')
------------------------
Labels:  tensor([2, 3, 4, 0, 1, 3, 4, 3, 4, 2, 1, 0, 4, 4, 4, 4], device='cuda:1')
Preds:  tensor([2, 3, 4, 1, 1, 4, 4, 2, 4, 3, 1, 0, 4, 4, 3, 4], device='cuda:1')
Outputs:  tensor([[    0.0341,     0.3595,     0.5922,     0.0137,     0.0005],
        [    0.0002,     0.0013,     0.1247,     0.7507,     0.1230],
        [    0.0006,     0.0003,     0.0011,     0.0138,     0.9841],
        [    0.2413,     0.7145,     0.0434,     0.0005,     0.0003],
        [    0.3340,     0.5226,     0.1319,     0.0089,     0.0027],
        [    0.0010,     0.0013,     0.0260,     0.3563,     0.6154],
        [    0.0006,     0.0003,     0.0015,     0.0116,     0.9859],
        [    0.0069,     0.2879,     0.6926,     0.0124,     0.0002],
        [    0.0004,     0.0004,     0.0001,     0.0021,     0.9970],
        [    0.0002,     0.0037,     0.3892,     0.5959,     0.0109],
        [    0.3454,     0.5281,     0.1244,     0.0018,     0.0002],
        [    0.8803,     0.1144,     0.0050,     0.0002,     0.0001],
        [    0.0001,     0.0001,     0.0017,     0.0911,     0.9069],
        [    0.0009,     0.0006,     0.0038,     0.0945,     0.9003],
        [    0.0013,     0.0053,     0.2042,     0.6317,     0.1575],
        [    0.0002,     0.0001,     0.0013,     0.1112,     0.8872]],
       device='cuda:1')
Metric:  tensor(0.6875, device='cuda:1')
------------------------
Labels:  tensor([3, 3, 3, 2, 1, 3, 1, 1, 2, 2, 0, 3, 3, 4, 4, 2], device='cuda:0')
Preds:  tensor([3, 2, 2, 2, 1, 2, 1, 0, 2, 2, 0, 4, 3, 4, 4, 0], device='cuda:0')
Outputs:  tensor([[    0.0001,     0.0003,     0.0129,     0.6258,     0.3610],
        [    0.0014,     0.0196,     0.6940,     0.2574,     0.0276],
        [    0.0013,     0.0261,     0.6617,     0.3032,     0.0077],
        [    0.0225,     0.2019,     0.7039,     0.0707,     0.0011],
        [    0.3644,     0.5745,     0.0606,     0.0005,     0.0001],
        [    0.0539,     0.0891,     0.4032,     0.3345,     0.1192],
        [    0.1810,     0.6361,     0.1792,     0.0035,     0.0002],
        [    0.9775,     0.0214,     0.0009,     0.0001,     0.0001],
        [    0.0006,     0.0153,     0.7367,     0.2431,     0.0043],
        [    0.0371,     0.2415,     0.4003,     0.2771,     0.0440],
        [    0.7164,     0.2543,     0.0291,     0.0002,     0.0001],
        [    0.0000,     0.0000,     0.0002,     0.0128,     0.9869],
        [    0.0003,     0.0075,     0.4560,     0.5331,     0.0031],
        [    0.0002,     0.0004,     0.0078,     0.2469,     0.7448],
        [    0.0073,     0.0120,     0.0951,     0.1634,     0.7222],
        [    0.6931,     0.2702,     0.0356,     0.0009,     0.0002]],
       device='cuda:0')
Metric:  tensor(0.6250, device='cuda:0')
------------------------
Labels:  tensor([4, 0, 4, 0, 4, 1, 1, 3, 0, 4, 4, 3, 0, 2, 3, 0], device='cuda:0')
Preds:  tensor([4, 0, 4, 0, 4, 1, 2, 4, 0, 3, 4, 3, 0, 1, 4, 0], device='cuda:0')
Outputs:  tensor([[    0.0003,     0.0002,     0.0019,     0.0873,     0.9103],
        [    0.6622,     0.2865,     0.0498,     0.0013,     0.0002],
        [    0.0003,     0.0003,     0.0058,     0.2377,     0.7560],
        [    0.8743,     0.1208,     0.0047,     0.0001,     0.0001],
        [    0.0577,     0.0242,     0.0378,     0.0827,     0.7976],
        [    0.0040,     0.9913,     0.0043,     0.0003,     0.0002],
        [    0.0838,     0.3969,     0.4852,     0.0324,     0.0017],
        [    0.0163,     0.0744,     0.1471,     0.2875,     0.4747],
        [    0.9798,     0.0195,     0.0006,     0.0001,     0.0001],
        [    0.0012,     0.0059,     0.1656,     0.5196,     0.3077],
        [    0.0010,     0.0078,     0.0055,     0.1657,     0.8199],
        [    0.0011,     0.0043,     0.1071,     0.5184,     0.3691],
        [    0.7641,     0.2287,     0.0070,     0.0001,     0.0000],
        [    0.0409,     0.4783,     0.4216,     0.0579,     0.0013],
        [    0.0001,     0.0002,     0.0037,     0.2944,     0.7016],
        [    0.8505,     0.1415,     0.0077,     0.0002,     0.0001]],
       device='cuda:0')
Metric:  tensor(0.6875, device='cuda:0')
------------------------
Labels:  tensor([1, 1, 2, 1, 1, 4, 1, 4, 4, 1, 3, 2, 4, 3, 3, 4], device='cuda:1')
Preds:  tensor([3, 1, 1, 0, 1, 4, 0, 4, 4, 1, 2, 2, 4, 2, 4, 3], device='cuda:1')
Outputs:  tensor([[    0.0158,     0.0557,     0.4183,     0.4192,     0.0910],
        [    0.1354,     0.4968,     0.3550,     0.0124,     0.0004],
        [    0.1719,     0.3853,     0.3797,     0.0623,     0.0008],
        [    0.6445,     0.2948,     0.0598,     0.0008,     0.0001],
        [    0.3006,     0.6511,     0.0481,     0.0002,     0.0000],
        [    0.0018,     0.0007,     0.0023,     0.0632,     0.9320],
        [    0.7654,     0.1999,     0.0325,     0.0015,     0.0008],
        [    0.0002,     0.0004,     0.0127,     0.2541,     0.7326],
        [    0.0023,     0.0009,     0.0032,     0.0839,     0.9097],
        [    0.4421,     0.5044,     0.0527,     0.0008,     0.0001],
        [    0.0028,     0.0560,     0.7915,     0.1493,     0.0004],
        [    0.0009,     0.0294,     0.5438,     0.4175,     0.0084],
        [    0.0005,     0.0007,     0.0076,     0.2055,     0.7857],
        [    0.0003,     0.0080,     0.6465,     0.3417,     0.0035],
        [    0.0004,     0.0005,     0.0093,     0.1509,     0.8388],
        [    0.0003,     0.0005,     0.0226,     0.5282,     0.4485]],
       device='cuda:1')
Metric:  tensor(0.5000, device='cuda:1')
------------------------
Labels:  tensor([4, 4, 4, 2, 3, 2, 4, 1, 2, 1, 1, 2, 0, 1, 0, 1], device='cuda:1')
Preds:  tensor([4, 4, 4, 1, 3, 3, 4, 1, 2, 2, 0, 2, 0, 0, 0, 2], device='cuda:1')
Outputs:  tensor([[    0.0003,     0.0004,     0.0034,     0.0743,     0.9216],
        [    0.0003,     0.0003,     0.0048,     0.2205,     0.7741],
        [    0.0039,     0.0010,     0.0072,     0.2044,     0.7835],
        [    0.2044,     0.4478,     0.3432,     0.0041,     0.0004],
        [    0.0026,     0.0184,     0.4109,     0.4767,     0.0914],
        [    0.0001,     0.0004,     0.0510,     0.8543,     0.0941],
        [    0.0009,     0.0005,     0.0012,     0.0060,     0.9914],
        [    0.0796,     0.4439,     0.4329,     0.0414,     0.0022],
        [    0.0015,     0.0534,     0.8640,     0.0808,     0.0002],
        [    0.0350,     0.2951,     0.6216,     0.0472,     0.0011],
        [    0.7416,     0.2153,     0.0374,     0.0050,     0.0007],
        [    0.0098,     0.3009,     0.6741,     0.0147,     0.0005],
        [    0.9776,     0.0217,     0.0004,     0.0001,     0.0002],
        [    0.7379,     0.2413,     0.0201,     0.0005,     0.0001],
        [    0.7434,     0.2428,     0.0134,     0.0003,     0.0001],
        [    0.0080,     0.0742,     0.6248,     0.2850,     0.0081]],
       device='cuda:1')
Metric:  tensor(0.6250, device='cuda:1')
------------------------
Labels:  tensor([4, 1, 1, 0, 0, 1, 2, 4, 2, 4, 4, 1, 0, 1, 2, 1], device='cuda:0')
Preds:  tensor([4, 1, 0, 0, 0, 1, 2, 4, 2, 4, 4, 4, 0, 0, 3, 0], device='cuda:0')
Outputs:  tensor([[    0.0008,     0.0007,     0.0029,     0.0406,     0.9550],
        [    0.3566,     0.5751,     0.0677,     0.0005,     0.0001],
        [    0.9619,     0.0371,     0.0010,     0.0001,     0.0001],
        [    0.6499,     0.3232,     0.0250,     0.0010,     0.0008],
        [    0.7324,     0.2451,     0.0210,     0.0009,     0.0006],
        [    0.1262,     0.6147,     0.2573,     0.0017,     0.0001],
        [    0.0637,     0.1623,     0.4617,     0.2790,     0.0333],
        [    0.0001,     0.0003,     0.0006,     0.1302,     0.8688],
        [    0.0158,     0.2804,     0.6811,     0.0225,     0.0001],
        [    0.0006,     0.0005,     0.0046,     0.1590,     0.8353],
        [    0.0073,     0.0085,     0.0246,     0.0855,     0.8740],
        [    0.3072,     0.0615,     0.0904,     0.1132,     0.4276],
        [    0.9547,     0.0445,     0.0007,     0.0001,     0.0000],
        [    0.6293,     0.3050,     0.0632,     0.0022,     0.0003],
        [    0.0314,     0.0528,     0.2380,     0.5773,     0.1006],
        [    0.6486,     0.2649,     0.0725,     0.0103,     0.0037]],
       device='cuda:0')
Metric:  tensor(0.6875, device='cuda:0')
------------------------
Labels:  tensor([2, 0, 1, 3, 4, 2, 0, 0, 2, 1, 0, 1, 1, 2, 3, 4], device='cuda:0')
Preds:  tensor([4, 0, 2, 2, 4, 2, 0, 0, 1, 0, 0, 0, 0, 1, 3, 4], device='cuda:0')
Outputs:  tensor([[    0.0003,     0.0013,     0.0289,     0.3143,     0.6551],
        [    0.7394,     0.2424,     0.0173,     0.0007,     0.0003],
        [    0.0023,     0.0720,     0.8642,     0.0613,     0.0002],
        [    0.0016,     0.0566,     0.8852,     0.0564,     0.0003],
        [    0.0054,     0.0011,     0.0025,     0.0151,     0.9758],
        [    0.0053,     0.1138,     0.6413,     0.2349,     0.0048],
        [    0.5065,     0.4463,     0.0463,     0.0008,     0.0001],
        [    0.7697,     0.2026,     0.0274,     0.0002,     0.0000],
        [    0.0342,     0.9024,     0.0526,     0.0060,     0.0048],
        [    0.7455,     0.1521,     0.0857,     0.0116,     0.0051],
        [    0.9929,     0.0067,     0.0002,     0.0000,     0.0001],
        [    0.6860,     0.2440,     0.0680,     0.0019,     0.0001],
        [    0.7650,     0.1662,     0.0583,     0.0077,     0.0028],
        [    0.0081,     0.6840,     0.2715,     0.0345,     0.0020],
        [    0.0626,     0.1074,     0.2849,     0.3078,     0.2374],
        [    0.0003,     0.0005,     0.0003,     0.0272,     0.9717]],
       device='cuda:0')
Metric:  tensor(0.5000, device='cuda:0')
------------------------
Labels:  tensor([0, 4, 0, 3, 0, 1, 2, 1, 4, 2, 1, 1, 4, 3, 1, 3], device='cuda:1')
Preds:  tensor([0, 4, 0, 3, 0, 0, 2, 2, 2, 3, 1, 2, 3, 3, 2, 2], device='cuda:1')
Outputs:  tensor([[    0.6791,     0.3036,     0.0166,     0.0003,     0.0005],
        [    0.0004,     0.0003,     0.0016,     0.0596,     0.9382],
        [    0.8361,     0.1532,     0.0102,     0.0004,     0.0001],
        [    0.0000,     0.0003,     0.0340,     0.8735,     0.0922],
        [    0.7759,     0.2204,     0.0035,     0.0001,     0.0000],
        [    0.6947,     0.2836,     0.0210,     0.0006,     0.0001],
        [    0.1372,     0.3490,     0.4543,     0.0547,     0.0048],
        [    0.0563,     0.2979,     0.6145,     0.0292,     0.0022],
        [    0.1003,     0.1264,     0.3964,     0.3366,     0.0403],
        [    0.0006,     0.0038,     0.1593,     0.6381,     0.1982],
        [    0.0467,     0.5887,     0.3620,     0.0024,     0.0001],
        [    0.0142,     0.0820,     0.6031,     0.2977,     0.0030],
        [    0.0005,     0.0004,     0.0158,     0.5511,     0.4321],
        [    0.0001,     0.0003,     0.0383,     0.8400,     0.1213],
        [    0.0026,     0.0648,     0.7947,     0.1360,     0.0018],
        [    0.0106,     0.2388,     0.7031,     0.0431,     0.0044]],
       device='cuda:1')
Metric:  tensor(0.5000, device='cuda:1')
------------------------
Mean loss[0.9354643704630562] | Mean metric[0.6018484626647145]
Stupid loss[0.0] | Naive soulution metric[0.2]
Freezed:  module.bert.embeddings.word_embeddings.weight
Freezed:  module.bert.embeddings.position_embeddings.weight
Freezed:  module.bert.embeddings.token_type_embeddings.weight
Freezed:  module.bert.embeddings.LayerNorm.weight
Freezed:  module.bert.embeddings.LayerNorm.bias
Freezed:  module.bert.encoder.layer.0.attention.self.query.weight
Freezed:  module.bert.encoder.layer.0.attention.self.query.bias
Freezed:  module.bert.encoder.layer.0.attention.self.key.weight
Freezed:  module.bert.encoder.layer.0.attention.self.key.bias
Freezed:  module.bert.encoder.layer.0.attention.self.value.weight
Freezed:  module.bert.encoder.layer.0.attention.self.value.bias
Freezed:  module.bert.encoder.layer.0.attention.output.dense.weight
Freezed:  module.bert.encoder.layer.0.attention.output.dense.bias
Freezed:  module.bert.encoder.layer.0.attention.output.LayerNorm.weight
Freezed:  module.bert.encoder.layer.0.attention.output.LayerNorm.bias
Freezed:  module.bert.encoder.layer.0.intermediate.dense.weight
Freezed:  module.bert.encoder.layer.0.intermediate.dense.bias
Freezed:  module.bert.encoder.layer.0.output.dense.weight
Freezed:  module.bert.encoder.layer.0.output.dense.bias
Freezed:  module.bert.encoder.layer.0.output.LayerNorm.weight
Freezed:  module.bert.encoder.layer.0.output.LayerNorm.bias
Freezed:  module.bert.encoder.layer.1.attention.self.query.weight
Freezed:  module.bert.encoder.layer.1.attention.self.query.bias
Freezed:  module.bert.encoder.layer.1.attention.self.key.weight
Freezed:  module.bert.encoder.layer.1.attention.self.key.bias
Freezed:  module.bert.encoder.layer.1.attention.self.value.weight
Freezed:  module.bert.encoder.layer.1.attention.self.value.bias
Freezed:  module.bert.encoder.layer.1.attention.output.dense.weight
Freezed:  module.bert.encoder.layer.1.attention.output.dense.bias
Freezed:  module.bert.encoder.layer.1.attention.output.LayerNorm.weight
Freezed:  module.bert.encoder.layer.1.attention.output.LayerNorm.bias
Freezed:  module.bert.encoder.layer.1.intermediate.dense.weight
Freezed:  module.bert.encoder.layer.1.intermediate.dense.bias
Freezed:  module.bert.encoder.layer.1.output.dense.weight
Freezed:  module.bert.encoder.layer.1.output.dense.bias
Freezed:  module.bert.encoder.layer.1.output.LayerNorm.weight
Freezed:  module.bert.encoder.layer.1.output.LayerNorm.bias
Freezed:  module.bert.encoder.layer.2.attention.self.query.weight
Freezed:  module.bert.encoder.layer.2.attention.self.query.bias
Freezed:  module.bert.encoder.layer.2.attention.self.key.weight
Labels:  tensor([4, 4, 2, 0, 0, 4, 4, 1, 4, 2, 0, 1, 1, 2, 2, 1], device='cuda:1')
Freezed:  module.bert.encoder.layer.2.attention.self.key.bias
Preds:  tensor([4, 4, 1, 2, 0, 4, 4, 1, 4, 2, 3, 1, 2, 1, 2, 2], device='cuda:1')
Freezed:  module.bert.encoder.layer.2.attention.self.value.weight
Outputs:  tensor([[    0.0006,     0.0004,     0.0077,     0.1649,     0.8264],
        [    0.0003,     0.0004,     0.0052,     0.1394,     0.8547],
        [    0.1614,     0.7896,     0.0428,     0.0049,     0.0014],
        [    0.0901,     0.2860,     0.4686,     0.1358,     0.0195],
        [    0.4370,     0.1114,     0.1794,     0.1009,     0.1712],
        [    0.0013,     0.0005,     0.0009,     0.0160,     0.9812],
        [    0.0004,     0.0004,     0.0033,     0.0782,     0.9177],
        [    0.2601,     0.5591,     0.1802,     0.0005,     0.0001],
        [    0.0001,     0.0001,     0.0029,     0.0994,     0.8975],
        [    0.0550,     0.1727,     0.5828,     0.1831,     0.0064],
        [    0.0022,     0.0209,     0.2223,     0.4716,     0.2831],
        [    0.2490,     0.3962,     0.3144,     0.0290,     0.0115],
        [    0.0007,     0.0210,     0.9257,     0.0516,     0.0010],
        [    0.1307,     0.5072,     0.3570,     0.0049,     0.0002],
Freezed:  module.bert.encoder.layer.2.attention.self.value.bias
        [    0.0057,     0.1799,     0.5359,     0.2561,     0.0224],
        [    0.0074,     0.2078,     0.7227,     0.0610,     0.0011]],
       device='cuda:1')
Freezed:  module.bert.encoder.layer.2.attention.output.dense.weight
Metric:  tensor(0.6250, device='cuda:1')
Freezed:  module.bert.encoder.layer.2.attention.output.dense.bias
------------------------
Freezed:  module.bert.encoder.layer.2.attention.output.LayerNorm.weight
Mean loss[0.9333516320203676] | Mean metric[0.6028550512445096]
Freezed:  module.bert.encoder.layer.2.attention.output.LayerNorm.bias
Stupid loss[0.0] | Naive soulution metric[0.2]
Freezed:  module.bert.encoder.layer.2.intermediate.dense.weight
Freezed:  module.bert.embeddings.word_embeddings.weight
Freezed:  module.bert.encoder.layer.2.intermediate.dense.bias
Freezed:  module.bert.embeddings.position_embeddings.weight
Freezed:  module.bert.encoder.layer.2.output.dense.weight
Freezed:  module.bert.embeddings.token_type_embeddings.weight
Freezed:  module.bert.embeddings.LayerNorm.weight
Freezed:  module.bert.encoder.layer.2.output.dense.bias
Freezed:  module.bert.embeddings.LayerNorm.bias
Freezed:  module.bert.encoder.layer.2.output.LayerNorm.weight
Freezed:  module.bert.encoder.layer.2.output.LayerNorm.bias
Freezed:  module.bert.encoder.layer.0.attention.self.query.weight
Freezed:  module.bert.encoder.layer.3.attention.self.query.weight
Freezed:  module.bert.encoder.layer.0.attention.self.query.bias
Freezed:  module.bert.encoder.layer.3.attention.self.query.bias
Freezed:  module.bert.encoder.layer.0.attention.self.key.weight
Freezed:  module.bert.encoder.layer.3.attention.self.key.weight
Freezed:  module.bert.encoder.layer.0.attention.self.key.bias
Freezed:  module.bert.encoder.layer.3.attention.self.key.bias
Freezed:  module.bert.encoder.layer.0.attention.self.value.weight
Freezed:  module.bert.encoder.layer.0.attention.self.value.bias
Freezed:  module.bert.encoder.layer.3.attention.self.value.weight
Freezed:  module.bert.encoder.layer.0.attention.output.dense.weight
Freezed:  module.bert.encoder.layer.3.attention.self.value.bias
Freezed:  module.bert.encoder.layer.0.attention.output.dense.bias
Freezed:  module.bert.encoder.layer.3.attention.output.dense.weight
Freezed:  module.bert.encoder.layer.3.attention.output.dense.bias
Freezed:  module.bert.encoder.layer.0.attention.output.LayerNorm.weight
Freezed:  module.bert.encoder.layer.3.attention.output.LayerNorm.weight
Freezed:  module.bert.encoder.layer.0.attention.output.LayerNorm.bias
Freezed:  module.bert.encoder.layer.3.attention.output.LayerNorm.bias
Freezed:  module.bert.encoder.layer.0.intermediate.dense.weight
Freezed:  module.bert.encoder.layer.3.intermediate.dense.weight
Freezed:  module.bert.encoder.layer.0.intermediate.dense.bias
Freezed:  module.bert.encoder.layer.3.intermediate.dense.bias
