Node IP: 10.128.2.151
WARNING:torch.distributed.run:
*****************************************
Setting OMP_NUM_THREADS environment variable for each process to be 1 in default, to avoid your system being overloaded, please further tune the variable for optimal performance in your application as needed. 
*****************************************
WARNING:torch.distributed.run:
*****************************************
Setting OMP_NUM_THREADS environment variable for each process to be 1 in default, to avoid your system being overloaded, please further tune the variable for optimal performance in your application as needed. 
*****************************************
INFO:torch.distributed.launcher.api:Starting elastic_operator with launch configs:
  entrypoint       : train.py
  min_nodes        : 2
  max_nodes        : 2
  nproc_per_node   : 2
  run_id           : 1980
  rdzv_backend     : c10d
  rdzv_endpoint    : 10.128.2.151:29500
  rdzv_configs     : {'timeout': 900}
  max_restarts     : 0
  monitor_interval : 5
  log_dir          : None
  metrics_cfg      : {}

INFO:torch.distributed.launcher.api:Starting elastic_operator with launch configs:
  entrypoint       : train.py
  min_nodes        : 2
  max_nodes        : 2
  nproc_per_node   : 2
  run_id           : 1980
  rdzv_backend     : c10d
  rdzv_endpoint    : 10.128.2.151:29500
  rdzv_configs     : {'timeout': 900}
  max_restarts     : 0
  monitor_interval : 5
  log_dir          : None
  metrics_cfg      : {}

INFO:torch.distributed.elastic.agent.server.local_elastic_agent:log directory set to: /tmp/torchelastic_3qchllg_/1980_4pv0voq3
INFO:torch.distributed.elastic.agent.server.api:[default] starting workers for entrypoint: python
INFO:torch.distributed.elastic.agent.server.api:[default] Rendezvous'ing worker group
INFO:torch.distributed.elastic.agent.server.local_elastic_agent:log directory set to: /tmp/torchelastic_0_ttyrsm/1980_qbvssiub
INFO:torch.distributed.elastic.agent.server.api:[default] starting workers for entrypoint: python
INFO:torch.distributed.elastic.agent.server.api:[default] Rendezvous'ing worker group
INFO:torch.distributed.elastic.agent.server.api:[default] Rendezvous complete for workers. Result:
  restart_count=0
  master_addr=gpu001.hpc
  master_port=60401
  group_rank=0
  group_world_size=2
  local_ranks=[0, 1]
  role_ranks=[0, 1]
  global_ranks=[0, 1]
  role_world_sizes=[4, 4]
  global_world_sizes=[4, 4]

INFO:torch.distributed.elastic.agent.server.api:[default] Starting worker group
INFO:torch.distributed.elastic.agent.server.local_elastic_agent:Environment variable 'TORCHELASTIC_ENABLE_FILE_TIMER' not found. Do not start FileTimerServer.
INFO:torch.distributed.elastic.agent.server.api:[default] Rendezvous complete for workers. Result:
  restart_count=0
  master_addr=gpu001.hpc
  master_port=60401
  group_rank=1
  group_world_size=2
  local_ranks=[0, 1]
  role_ranks=[2, 3]
  global_ranks=[2, 3]
  role_world_sizes=[4, 4]
  global_world_sizes=[4, 4]

INFO:torch.distributed.elastic.agent.server.api:[default] Starting worker group
INFO:torch.distributed.elastic.multiprocessing:Setting worker0 reply file to: /tmp/torchelastic_3qchllg_/1980_4pv0voq3/attempt_0/0/error.json
INFO:torch.distributed.elastic.multiprocessing:Setting worker1 reply file to: /tmp/torchelastic_3qchllg_/1980_4pv0voq3/attempt_0/1/error.json
INFO:torch.distributed.elastic.agent.server.local_elastic_agent:Environment variable 'TORCHELASTIC_ENABLE_FILE_TIMER' not found. Do not start FileTimerServer.
INFO:torch.distributed.elastic.multiprocessing:Setting worker0 reply file to: /tmp/torchelastic_0_ttyrsm/1980_qbvssiub/attempt_0/0/error.json
INFO:torch.distributed.elastic.multiprocessing:Setting worker1 reply file to: /tmp/torchelastic_0_ttyrsm/1980_qbvssiub/attempt_0/1/error.json
/u/dssc/msanna00/.conda/envs/deeplearning3/lib/python3.7/site-packages/torch/cuda/__init__.py:497: UserWarning: Can't initialize NVML
  warnings.warn("Can't initialize NVML")
/u/dssc/msanna00/.conda/envs/deeplearning3/lib/python3.7/site-packages/torch/cuda/__init__.py:497: UserWarning: Can't initialize NVML
  warnings.warn("Can't initialize NVML")
PORT:  60401
WORLD SIZE:  4
MASTER NODE:  gpu001.hpc
My slurm id is:  0
My rank is:  0
PORT:  60401
WORLD SIZE:  4
MASTER NODE:  gpu001.hpc
My slurm id is:  0
My rank is:  1
PORT:  60401
WORLD SIZE:  4
MASTER NODE:  gpu001.hpc
My slurm id is:  1
My rank is:  3
PORT:  60401
WORLD SIZE:  4
MASTER NODE:  gpu001.hpc
My slurm id is:  1
My rank is:  2
Some weights of the model checkpoint at bert-base-cased were not used when initializing BertForSequenceClassification: ['cls.predictions.transform.LayerNorm.weight', 'cls.seq_relationship.weight', 'cls.predictions.transform.dense.bias', 'cls.predictions.transform.dense.weight', 'cls.predictions.decoder.weight', 'cls.seq_relationship.bias', 'cls.predictions.transform.LayerNorm.bias', 'cls.predictions.bias']
- This IS expected if you are initializing BertForSequenceClassification from the checkpoint of a model trained on another task or with another architecture (e.g. initializing a BertForSequenceClassification model from a BertForPreTraining model).
- This IS NOT expected if you are initializing BertForSequenceClassification from the checkpoint of a model that you expect to be exactly identical (initializing a BertForSequenceClassification model from a BertForSequenceClassification model).
Some weights of BertForSequenceClassification were not initialized from the model checkpoint at bert-base-cased and are newly initialized: ['classifier.weight', 'classifier.bias']
You should probably TRAIN this model on a down-stream task to be able to use it for predictions and inference.
Some weights of the model checkpoint at bert-base-cased were not used when initializing BertForSequenceClassification: ['cls.predictions.transform.LayerNorm.weight', 'cls.predictions.decoder.weight', 'cls.predictions.transform.dense.bias', 'cls.predictions.bias', 'cls.seq_relationship.weight', 'cls.predictions.transform.LayerNorm.bias', 'cls.predictions.transform.dense.weight', 'cls.seq_relationship.bias']
- This IS expected if you are initializing BertForSequenceClassification from the checkpoint of a model trained on another task or with another architecture (e.g. initializing a BertForSequenceClassification model from a BertForPreTraining model).
- This IS NOT expected if you are initializing BertForSequenceClassification from the checkpoint of a model that you expect to be exactly identical (initializing a BertForSequenceClassification model from a BertForSequenceClassification model).
Some weights of BertForSequenceClassification were not initialized from the model checkpoint at bert-base-cased and are newly initialized: ['classifier.bias', 'classifier.weight']
You should probably TRAIN this model on a down-stream task to be able to use it for predictions and inference.
Some weights of the model checkpoint at bert-base-cased were not used when initializing BertForSequenceClassification: ['cls.predictions.transform.dense.bias', 'cls.predictions.decoder.weight', 'cls.predictions.transform.LayerNorm.bias', 'cls.predictions.transform.LayerNorm.weight', 'cls.seq_relationship.weight', 'cls.predictions.bias', 'cls.seq_relationship.bias', 'cls.predictions.transform.dense.weight']
- This IS expected if you are initializing BertForSequenceClassification from the checkpoint of a model trained on another task or with another architecture (e.g. initializing a BertForSequenceClassification model from a BertForPreTraining model).
- This IS NOT expected if you are initializing BertForSequenceClassification from the checkpoint of a model that you expect to be exactly identical (initializing a BertForSequenceClassification model from a BertForSequenceClassification model).
Some weights of BertForSequenceClassification were not initialized from the model checkpoint at bert-base-cased and are newly initialized: ['classifier.bias', 'classifier.weight']
You should probably TRAIN this model on a down-stream task to be able to use it for predictions and inference.
Some weights of the model checkpoint at bert-base-cased were not used when initializing BertForSequenceClassification: ['cls.predictions.decoder.weight', 'cls.predictions.transform.dense.bias', 'cls.predictions.bias', 'cls.seq_relationship.weight', 'cls.seq_relationship.bias', 'cls.predictions.transform.LayerNorm.weight', 'cls.predictions.transform.dense.weight', 'cls.predictions.transform.LayerNorm.bias']
- This IS expected if you are initializing BertForSequenceClassification from the checkpoint of a model trained on another task or with another architecture (e.g. initializing a BertForSequenceClassification model from a BertForPreTraining model).
- This IS NOT expected if you are initializing BertForSequenceClassification from the checkpoint of a model that you expect to be exactly identical (initializing a BertForSequenceClassification model from a BertForSequenceClassification model).
Some weights of BertForSequenceClassification were not initialized from the model checkpoint at bert-base-cased and are newly initialized: ['classifier.bias', 'classifier.weight']
You should probably TRAIN this model on a down-stream task to be able to use it for predictions and inference.
------------------------

------------------------

------------------------

------------------------

Loading checkpoint...
Loading checkpoint...
Loading checkpoint...Loading checkpoint...

Retrieving epoch...
Loading model state...
Retrieving epoch...
Loading model state...
Loading scheduler state...
Loading optmizer state...
Retrieving epoch...
Loading model state...
Retrieving epoch...
Loading model state...
Loading scheduler state...
Loading optmizer state...
Loading scheduler state...
Loading optmizer state...
Loading scheduler state...
Loading optmizer state...
LOADED!
I'm process 2 using GPU 0
LOADED!
I'm process 0 using GPU 0
LOADED!
I'm process 3 using GPU 1
LOADED!
I'm process 1 using GPU 1
Labels:  tensor([2, 2, 1, 1, 1, 4, 4, 4, 3, 2, 0, 3, 3, 4, 0, 3], device='cuda:0')
Preds:  tensor([4, 3, 3, 1, 0, 4, 4, 4, 2, 2, 2, 2, 3, 4, 0, 3], device='cuda:0')
Outputs:  Labels:  tensor([0, 4, 2, 3, 0, 1, 2, 2, 3, 2, 2, 4, 4, 1, 1, 2], device='cuda:1')
Preds:  tensor([0, 4, 1, 4, 0, 1, 3, 3, 2, 2, 0, 4, 4, 2, 1, 4], device='cuda:1')
Outputs:  tensor([[    0.0001,     0.0002,     0.0136,     0.4900,     0.4961],
        [    0.0005,     0.0059,     0.3511,     0.6386,     0.0039],
        [    0.0042,     0.0319,     0.3806,     0.4985,     0.0848],
        [    0.1124,     0.5022,     0.3729,     0.0120,     0.0005],
        [    0.6149,     0.3690,     0.0159,     0.0002,     0.0001],
        [    0.0001,     0.0001,     0.0006,     0.0521,     0.9471],
        [    0.0004,     0.0002,     0.0011,     0.0373,     0.9611],
        [    0.0002,     0.0003,     0.0041,     0.1031,     0.8924],
        [    0.0018,     0.0254,     0.8849,     0.0804,     0.0075],
        [    0.0038,     0.0420,     0.5397,     0.4069,     0.0077],
        [    0.0447,     0.4325,     0.4816,     0.0384,     0.0028],
        [    0.0054,     0.0837,     0.7265,     0.1594,     0.0249],
        [    0.0006,     0.0045,     0.1369,     0.5705,     0.2874],
        [    0.0002,     0.0015,     0.0032,     0.2474,     0.7476],
        [    0.9334,     0.0649,     0.0016,     0.0000,     0.0000],
        [    0.0001,     0.0001,     0.0063,     0.8916,     0.1018]],
       device='cuda:0')
Metric:  tensor(0.5625, device='cuda:0')
------------------------
tensor([[    0.8806,     0.1153,     0.0040,     0.0000,     0.0000],
        [    0.0002,     0.0001,     0.0012,     0.0955,     0.9029],
        [    0.0355,     0.6968,     0.2285,     0.0322,     0.0071],
        [    0.0001,     0.0000,     0.0001,     0.0135,     0.9863],
        [    0.9859,     0.0124,     0.0014,     0.0002,     0.0002],
        [    0.0537,     0.4212,     0.4201,     0.0990,     0.0059],
        [    0.0148,     0.1353,     0.2667,     0.3213,     0.2619],
        [    0.0003,     0.0036,     0.3441,     0.6229,     0.0292],
        [    0.1149,     0.4135,     0.4454,     0.0257,     0.0004],
        [    0.0032,     0.0529,     0.6926,     0.2468,     0.0045],
        [    0.7343,     0.2298,     0.0341,     0.0013,     0.0006],
        [    0.0000,     0.0000,     0.0005,     0.0365,     0.9629],
        [    0.0004,     0.0002,     0.0004,     0.0021,     0.9970],
        [    0.0122,     0.4030,     0.4926,     0.0865,     0.0057],
        [    0.0035,     0.9914,     0.0044,     0.0004,     0.0002],
        [    0.0107,     0.0039,     0.0370,     0.2143,     0.7341]],
       device='cuda:1')
Metric:  tensor(0.5000, device='cuda:1')
------------------------
Labels:  tensor([3, 0, 0, 1, 0, 3, 0, 0, 3, 1, 4, 4, 4, 1, 2, 0], device='cuda:1')
Preds:  tensor([4, 1, 2, 1, 0, 2, 0, 1, 3, 1, 4, 3, 4, 1, 2, 0], device='cuda:1')
Outputs:  tensor([[    0.0003,     0.0003,     0.0073,     0.3238,     0.6682],
        [    0.3822,     0.5266,     0.0903,     0.0007,     0.0002],
        [    0.1206,     0.3281,     0.5193,     0.0296,     0.0024],
        [    0.4172,     0.4848,     0.0958,     0.0018,     0.0004],
        [    0.8203,     0.1589,     0.0205,     0.0002,     0.0000],
        [    0.0013,     0.0199,     0.7577,     0.2183,     0.0028],
        [    0.9491,     0.0488,     0.0020,     0.0001,     0.0000],
        [    0.3867,     0.5921,     0.0204,     0.0006,     0.0002],
        [    0.0002,     0.0039,     0.3816,     0.5385,     0.0758],
        [    0.1952,     0.4357,     0.3507,     0.0166,     0.0018],
        [    0.1581,     0.1096,     0.2537,     0.1880,     0.2907],
        [    0.0373,     0.0325,     0.3016,     0.5469,     0.0817],
        [    0.0002,     0.0002,     0.0031,     0.0800,     0.9165],
        [    0.1816,     0.7022,     0.1040,     0.0104,     0.0019],
        [    0.0008,     0.0416,     0.9543,     0.0031,     0.0001],
        [    0.9776,     0.0219,     0.0004,     0.0001,     0.0001]],
       device='cuda:1')
Metric:  tensor(0.6250, device='cuda:1')
------------------------
Labels:  tensor([3, 1, 1, 4, 0, 2, 4, 1, 3, 0, 2, 3, 2, 2, 4, 4], device='cuda:0')
Preds:  tensor([3, 1, 0, 4, 0, 2, 4, 0, 3, 0, 1, 4, 1, 2, 3, 4], device='cuda:0')
Outputs:  tensor([[    0.0001,     0.0005,     0.0194,     0.9795,     0.0005],
        [    0.4427,     0.4604,     0.0955,     0.0011,     0.0003],
        [    0.7603,     0.2047,     0.0323,     0.0023,     0.0005],
        [    0.0013,     0.0005,     0.0037,     0.0525,     0.9419],
        [    0.8681,     0.0610,     0.0389,     0.0172,     0.0148],
        [    0.0015,     0.0977,     0.6760,     0.2189,     0.0058],
        [    0.0024,     0.0017,     0.0077,     0.0783,     0.9100],
        [    0.5368,     0.4343,     0.0286,     0.0002,     0.0001],
        [    0.0001,     0.0009,     0.2041,     0.7777,     0.0172],
        [    0.6809,     0.2306,     0.0859,     0.0025,     0.0001],
        [    0.3568,     0.5105,     0.1307,     0.0017,     0.0004],
        [    0.0007,     0.0007,     0.0183,     0.4727,     0.5076],
        [    0.0215,     0.7250,     0.2524,     0.0012,     0.0000],
        [    0.0058,     0.0665,     0.6305,     0.2809,     0.0163],
        [    0.0001,     0.0001,     0.0071,     0.6330,     0.3596],
        [    0.0023,     0.0008,     0.0073,     0.2181,     0.7715]],
       device='cuda:0')
Metric:  tensor(0.6250, device='cuda:0')
------------------------
Labels:  tensor([2, 0, 4, 4, 4, 0, 0, 2, 4, 0, 4, 0, 0, 0, 1, 2], device='cuda:1')
Preds:  tensor([2, 0, 4, 4, 4, 0, 0, 2, 4, 2, 4, 0, 0, 0, 2, 4], device='cuda:1')
Outputs:  tensor([[    0.0006,     0.0030,     0.9767,     0.0171,     0.0026],
        [    0.6172,     0.3347,     0.0435,     0.0033,     0.0013],
        [    0.0003,     0.0014,     0.0008,     0.0150,     0.9825],
        [    0.0001,     0.0000,     0.0001,     0.0130,     0.9867],
        [    0.0002,     0.0003,     0.0074,     0.2235,     0.7685],
        [    0.6573,     0.3183,     0.0229,     0.0010,     0.0006],
        [    0.8497,     0.1419,     0.0080,     0.0003,     0.0001],
        [    0.0459,     0.2843,     0.6437,     0.0254,     0.0007],
        [    0.0002,     0.0002,     0.0057,     0.1751,     0.8188],
        [    0.0548,     0.4367,     0.4982,     0.0099,     0.0004],
        [    0.0032,     0.0031,     0.0601,     0.4609,     0.4726],
        [    0.5144,     0.2295,     0.1759,     0.0420,     0.0382],
        [    0.5350,     0.4362,     0.0284,     0.0003,     0.0001],
        [    0.8842,     0.1150,     0.0008,     0.0000,     0.0001],
        [    0.0122,     0.2565,     0.7056,     0.0256,     0.0002],
        [    0.0623,     0.0620,     0.1070,     0.1021,     0.6666]],
       device='cuda:1')
Metric:  tensor(0.8125, device='cuda:1')
------------------------
Labels:  tensor([1, 1, 1, 1, 2, 1, 0, 0, 4, 4, 2, 1, 3, 0, 0, 1], device='cuda:0')
Preds:  tensor([3, 0, 1, 4, 1, 2, 0, 0, 4, 4, 2, 1, 2, 0, 0, 1], device='cuda:0')
Outputs:  tensor([[    0.0034,     0.0325,     0.3503,     0.4857,     0.1281],
        [    0.3866,     0.3558,     0.2518,     0.0053,     0.0004],
        [    0.0594,     0.5427,     0.3925,     0.0052,     0.0002],
        [    0.0403,     0.0280,     0.0856,     0.1874,     0.6587],
        [    0.0237,     0.7089,     0.2414,     0.0224,     0.0037],
        [    0.0063,     0.1330,     0.8153,     0.0444,     0.0010],
        [    0.9392,     0.0543,     0.0041,     0.0008,     0.0015],
        [    0.5878,     0.4028,     0.0093,     0.0001,     0.0000],
        [    0.0003,     0.0002,     0.0021,     0.1024,     0.8950],
        [    0.0006,     0.0003,     0.0033,     0.0584,     0.9373],
        [    0.0053,     0.1313,     0.7823,     0.0802,     0.0009],
        [    0.4158,     0.4665,     0.1146,     0.0022,     0.0009],
        [    0.0011,     0.0182,     0.8107,     0.1698,     0.0002],
        [    0.6055,     0.3318,     0.0591,     0.0035,     0.0002],
        [    0.5140,     0.3161,     0.1235,     0.0270,     0.0195],
        [    0.2936,     0.5024,     0.2005,     0.0033,     0.0001]],
       device='cuda:0')
Metric:  tensor(0.6250, device='cuda:0')
------------------------
Labels:  tensor([0, 1, 4, 2, 3, 2, 1, 0, 2, 2, 2, 0, 2, 4, 3, 4], device='cuda:0')
Preds:  tensor([1, 1, 4, 1, 2, 2, 1, 0, 1, 3, 2, 0, 3, 4, 0, 4], device='cuda:0')
Outputs:  tensor([[    0.4729,     0.4980,     0.0289,     0.0001,     0.0000],
        [    0.1044,     0.8907,     0.0047,     0.0001,     0.0001],
        [    0.0004,     0.0008,     0.0131,     0.1831,     0.8027],
        [    0.3190,     0.5291,     0.1487,     0.0028,     0.0003],
        [    0.1665,     0.3473,     0.4406,     0.0347,     0.0109],
        [    0.0400,     0.0244,     0.9110,     0.0213,     0.0033],
        [    0.3171,     0.5715,     0.1109,     0.0004,     0.0001],
        [    0.9605,     0.0328,     0.0049,     0.0009,     0.0009],
        [    0.4052,     0.4106,     0.1810,     0.0028,     0.0003],
        [    0.0004,     0.0038,     0.2519,     0.6579,     0.0859],
        [    0.0010,     0.0135,     0.4769,     0.4436,     0.0649],
        [    0.9521,     0.0462,     0.0015,     0.0001,     0.0001],
        [    0.0004,     0.0105,     0.2070,     0.7618,     0.0204],
        [    0.0040,     0.0020,     0.0257,     0.2168,     0.7515],
        [    0.6501,     0.2896,     0.0592,     0.0010,     0.0001],
        [    0.0002,     0.0002,     0.0002,     0.0099,     0.9895]],
       device='cuda:0')
Metric:  tensor(0.5625, device='cuda:0')
------------------------
Labels:  tensor([3, 2, 3, 1, 3, 4, 3, 0, 3, 1, 1, 0, 0, 3, 2, 0], device='cuda:1')
Preds:  tensor([3, 2, 3, 1, 2, 4, 2, 1, 4, 1, 1, 0, 0, 3, 2, 2], device='cuda:1')
Outputs:  tensor([[    0.0019,     0.0100,     0.3459,     0.6338,     0.0084],
        [    0.0012,     0.0386,     0.7357,     0.2209,     0.0037],
        [    0.0067,     0.0056,     0.0757,     0.9097,     0.0023],
        [    0.3305,     0.4604,     0.2041,     0.0047,     0.0004],
        [    0.0008,     0.0238,     0.9450,     0.0300,     0.0004],
        [    0.0008,     0.0008,     0.0134,     0.1810,     0.8040],
        [    0.0104,     0.0932,     0.5878,     0.2861,     0.0225],
        [    0.1923,     0.5445,     0.2615,     0.0015,     0.0001],
        [    0.0001,     0.0001,     0.0048,     0.3635,     0.6315],
        [    0.1693,     0.5156,     0.2873,     0.0240,     0.0039],
        [    0.1346,     0.4973,     0.3623,     0.0056,     0.0003],
        [    0.8412,     0.1504,     0.0081,     0.0002,     0.0001],
        [    0.6146,     0.2798,     0.0964,     0.0076,     0.0016],
        [    0.0089,     0.0415,     0.1949,     0.5950,     0.1598],
        [    0.0209,     0.1611,     0.6659,     0.1473,     0.0048],
        [    0.0140,     0.1444,     0.6960,     0.1447,     0.0009]],
       device='cuda:1')
Metric:  tensor(0.6875, device='cuda:1')
------------------------
Labels:  tensor([2, 3, 4, 0, 1, 3, 4, 3, 4, 2, 1, 0, 4, 4, 4, 4], device='cuda:1')
Preds:  tensor([2, 3, 4, 1, 1, 4, 4, 2, 4, 3, 1, 0, 4, 4, 3, 4], device='cuda:1')
Outputs:  tensor([[    0.0290,     0.3561,     0.6018,     0.0127,     0.0004],
        [    0.0002,     0.0011,     0.1150,     0.7644,     0.1192],
        [    0.0006,     0.0003,     0.0011,     0.0126,     0.9854],
        [    0.2316,     0.7247,     0.0429,     0.0005,     0.0003],
        [    0.3238,     0.5341,     0.1305,     0.0088,     0.0028],
        [    0.0009,     0.0012,     0.0281,     0.4026,     0.5672],
        [    0.0005,     0.0002,     0.0013,     0.0097,     0.9883],
        [    0.0067,     0.2914,     0.6903,     0.0115,     0.0002],
        [    0.0004,     0.0004,     0.0001,     0.0017,     0.9975],
        [    0.0002,     0.0035,     0.3868,     0.5995,     0.0100],
        [    0.3429,     0.5369,     0.1185,     0.0016,     0.0002],
        [    0.8898,     0.1058,     0.0041,     0.0002,     0.0001],
        [    0.0001,     0.0001,     0.0015,     0.0863,     0.9121],
        [    0.0007,     0.0004,     0.0030,     0.0820,     0.9139],
        [    0.0011,     0.0049,     0.2157,     0.6532,     0.1251],
        [    0.0001,     0.0001,     0.0012,     0.1094,     0.8892]],
       device='cuda:1')
Metric:  tensor(0.6875, device='cuda:1')
------------------------
Labels:  tensor([4, 0, 4, 0, 4, 1, 1, 3, 0, 4, 4, 3, 0, 2, 3, 0], device='cuda:0')
Preds:  tensor([4, 0, 4, 0, 4, 1, 2, 4, 0, 3, 4, 3, 0, 1, 4, 0], device='cuda:0')
Outputs:  tensor([[    0.0002,     0.0001,     0.0016,     0.0828,     0.9152],
        [    0.6703,     0.2834,     0.0451,     0.0011,     0.0002],
        [    0.0003,     0.0002,     0.0054,     0.2359,     0.7582],
        [    0.8705,     0.1247,     0.0046,     0.0001,     0.0001],
        [    0.0586,     0.0248,     0.0421,     0.0885,     0.7859],
        [    0.0040,     0.9915,     0.0041,     0.0002,     0.0001],
        [    0.0850,     0.4104,     0.4734,     0.0298,     0.0015],
        [    0.0180,     0.0868,     0.1583,     0.2842,     0.4526],
        [    0.9814,     0.0179,     0.0006,     0.0001,     0.0001],
        [    0.0011,     0.0056,     0.1657,     0.5408,     0.2868],
        [    0.0010,     0.0080,     0.0049,     0.1511,     0.8350],
        [    0.0010,     0.0040,     0.1079,     0.5338,     0.3533],
        [    0.7836,     0.2096,     0.0067,     0.0001,     0.0000],
        [    0.0371,     0.5518,     0.3629,     0.0470,     0.0012],
        [    0.0001,     0.0001,     0.0035,     0.2937,     0.7026],
        [    0.8611,     0.1323,     0.0064,     0.0002,     0.0001]],
       device='cuda:0')
Metric:  tensor(0.6875, device='cuda:0')
------------------------
Labels:  tensor([3, 3, 3, 2, 1, 3, 1, 1, 2, 2, 0, 3, 3, 4, 4, 2], device='cuda:0')
Preds:  tensor([3, 2, 2, 2, 1, 2, 1, 0, 2, 2, 0, 4, 3, 4, 4, 0], device='cuda:0')
Outputs:  tensor([[    0.0001,     0.0003,     0.0138,     0.6440,     0.3419],
        [    0.0013,     0.0185,     0.7112,     0.2461,     0.0231],
        [    0.0012,     0.0262,     0.6760,     0.2902,     0.0064],
        [    0.0225,     0.2142,     0.6988,     0.0636,     0.0009],
        [    0.3543,     0.5882,     0.0570,     0.0005,     0.0001],
        [    0.0510,     0.0888,     0.4167,     0.3337,     0.1097],
        [    0.1799,     0.6499,     0.1669,     0.0031,     0.0002],
        [    0.9785,     0.0205,     0.0009,     0.0001,     0.0001],
        [    0.0006,     0.0147,     0.7386,     0.2422,     0.0038],
        [    0.0353,     0.2491,     0.4126,     0.2647,     0.0384],
        [    0.7014,     0.2675,     0.0308,     0.0002,     0.0001],
        [    0.0000,     0.0000,     0.0002,     0.0105,     0.9892],
        [    0.0003,     0.0076,     0.4728,     0.5168,     0.0024],
        [    0.0002,     0.0003,     0.0070,     0.2464,     0.7461],
        [    0.0056,     0.0097,     0.0899,     0.1654,     0.7295],
        [    0.7065,     0.2617,     0.0309,     0.0007,     0.0002]],
       device='cuda:0')
Metric:  tensor(0.6250, device='cuda:0')
------------------------
Labels:  tensor([3, 2, 3, 2, 3, 0, 2, 4, 1, 1, 1, 1, 0, 0, 0, 0], device='cuda:1')
Preds:  tensor([4, 2, 2, 2, 4, 0, 1, 4, 2, 0, 1, 2, 0, 0, 0, 0], device='cuda:1')
Outputs:  tensor([[    0.0002,     0.0004,     0.0087,     0.2515,     0.7392],
        [    0.0015,     0.0340,     0.8376,     0.1252,     0.0017],
        [    0.0013,     0.0307,     0.8931,     0.0742,     0.0007],
        [    0.0032,     0.0266,     0.9689,     0.0012,     0.0001],
        [    0.0001,     0.0001,     0.0021,     0.0865,     0.9112],
        [    0.7878,     0.2013,     0.0106,     0.0002,     0.0001],
        [    0.2107,     0.4552,     0.2737,     0.0533,     0.0071],
        [    0.0004,     0.0007,     0.0063,     0.1259,     0.8667],
        [    0.0086,     0.1396,     0.7993,     0.0520,     0.0004],
        [    0.7097,     0.1690,     0.0712,     0.0230,     0.0271],
        [    0.2197,     0.5954,     0.1829,     0.0019,     0.0001],
        [    0.2430,     0.2755,     0.4070,     0.0615,     0.0130],
        [    0.9944,     0.0033,     0.0010,     0.0004,     0.0009],
        [    0.8549,     0.1099,     0.0247,     0.0051,     0.0053],
        [    0.9898,     0.0099,     0.0002,     0.0000,     0.0001],
        [    0.9972,     0.0019,     0.0003,     0.0002,     0.0005]],
       device='cuda:1')
Metric:  tensor(0.5625, device='cuda:1')
------------------------
Labels:  tensor([4, 4, 4, 2, 3, 2, 4, 1, 2, 1, 1, 2, 0, 1, 0, 1], device='cuda:1')
Preds:  tensor([4, 4, 4, 1, 3, 3, 4, 1, 2, 2, 0, 2, 0, 0, 0, 2], device='cuda:1')
Outputs:  tensor([[    0.0003,     0.0003,     0.0029,     0.0702,     0.9264],
        [    0.0003,     0.0002,     0.0043,     0.2309,     0.7643],
        [    0.0032,     0.0009,     0.0067,     0.1901,     0.7992],
        [    0.2081,     0.4494,     0.3381,     0.0041,     0.0004],
        [    0.0016,     0.0123,     0.3641,     0.5391,     0.0829],
        [    0.0001,     0.0004,     0.0518,     0.8672,     0.0805],
        [    0.0008,     0.0005,     0.0012,     0.0057,     0.9918],
        [    0.0814,     0.4586,     0.4212,     0.0368,     0.0019],
        [    0.0014,     0.0539,     0.8647,     0.0797,     0.0002],
        [    0.0338,     0.2956,     0.6229,     0.0466,     0.0010],
        [    0.7501,     0.2065,     0.0374,     0.0053,     0.0007],
        [    0.0093,     0.2936,     0.6837,     0.0130,     0.0004],
        [    0.9780,     0.0213,     0.0004,     0.0001,     0.0002],
        [    0.7235,     0.2551,     0.0209,     0.0005,     0.0001],
        [    0.7274,     0.2596,     0.0126,     0.0003,     0.0001],
        [    0.0077,     0.0769,     0.6366,     0.2717,     0.0072]],
       device='cuda:1')
Metric:  tensor(0.6250, device='cuda:1')
------------------------
Labels:  tensor([2, 0, 1, 3, 4, 2, 0, 0, 2, 1, 0, 1, 1, 2, 3, 4], device='cuda:0')
Preds:  tensor([4, 0, 2, 2, 4, 2, 0, 0, 1, 0, 0, 0, 0, 1, 3, 4], device='cuda:0')
Outputs:  tensor([[    0.0003,     0.0013,     0.0306,     0.3258,     0.6419],
        [    0.7476,     0.2373,     0.0143,     0.0005,     0.0002],
        [    0.0026,     0.0837,     0.8622,     0.0513,     0.0002],
        [    0.0014,     0.0550,     0.8896,     0.0538,     0.0002],
        [    0.0048,     0.0009,     0.0021,     0.0123,     0.9798],
        [    0.0052,     0.1170,     0.6488,     0.2249,     0.0041],
        [    0.5010,     0.4527,     0.0454,     0.0008,     0.0001],
        [    0.7700,     0.2033,     0.0264,     0.0002,     0.0000],
        [    0.0299,     0.9085,     0.0513,     0.0059,     0.0043],
        [    0.7352,     0.1546,     0.0928,     0.0125,     0.0050],
        [    0.9930,     0.0067,     0.0002,     0.0000,     0.0001],
        [    0.6651,     0.2591,     0.0737,     0.0021,     0.0001],
        [    0.7743,     0.1591,     0.0563,     0.0074,     0.0029],
        [    0.0081,     0.7027,     0.2595,     0.0281,     0.0016],
        [    0.0578,     0.1042,     0.2991,     0.3208,     0.2180],
        [    0.0003,     0.0004,     0.0003,     0.0260,     0.9731]],
       device='cuda:0')
Metric:  tensor(0.5000, device='cuda:0')
------------------------
Labels:  tensor([4, 1, 1, 0, 0, 1, 2, 4, 2, 4, 4, 1, 0, 1, 2, 1], device='cuda:0')
Preds:  tensor([4, 1, 0, 0, 0, 1, 2, 4, 2, 4, 4, 4, 0, 0, 3, 0], device='cuda:0')
Outputs:  tensor([[    0.0007,     0.0006,     0.0025,     0.0362,     0.9600],
        [    0.3638,     0.5753,     0.0604,     0.0004,     0.0001],
        [    0.9644,     0.0345,     0.0009,     0.0001,     0.0000],
        [    0.6739,     0.3016,     0.0227,     0.0009,     0.0008],
        [    0.7554,     0.2261,     0.0173,     0.0007,     0.0005],
        [    0.1226,     0.6314,     0.2444,     0.0015,     0.0001],
        [    0.0641,     0.1628,     0.4632,     0.2779,     0.0320],
        [    0.0001,     0.0002,     0.0005,     0.1230,     0.8761],
        [    0.0169,     0.3057,     0.6579,     0.0194,     0.0001],
        [    0.0005,     0.0004,     0.0045,     0.1645,     0.8300],
        [    0.0057,     0.0065,     0.0212,     0.0781,     0.8885],
        [    0.3295,     0.0606,     0.0929,     0.1119,     0.4051],
        [    0.9581,     0.0412,     0.0006,     0.0000,     0.0000],
        [    0.6150,     0.3158,     0.0667,     0.0022,     0.0003],
        [    0.0252,     0.0474,     0.2386,     0.6024,     0.0864],
        [    0.6470,     0.2742,     0.0679,     0.0083,     0.0026]],
       device='cuda:0')
Metric:  tensor(0.6875, device='cuda:0')
------------------------
Labels:  tensor([1, 1, 2, 1, 1, 4, 1, 4, 4, 1, 3, 2, 4, 3, 3, 4], device='cuda:1')
Preds:  tensor([2, 1, 1, 0, 1, 4, 0, 4, 4, 1, 2, 2, 4, 2, 4, 3], device='cuda:1')
Outputs:  tensor([[    0.0165,     0.0586,     0.4266,     0.4140,     0.0844],
        [    0.1280,     0.5143,     0.3466,     0.0108,     0.0003],
        [    0.1842,     0.4057,     0.3587,     0.0508,     0.0006],
        [    0.6474,     0.2964,     0.0554,     0.0007,     0.0001],
        [    0.2908,     0.6574,     0.0516,     0.0002,     0.0000],
        [    0.0016,     0.0006,     0.0021,     0.0632,     0.9325],
        [    0.7712,     0.1963,     0.0305,     0.0013,     0.0007],
        [    0.0002,     0.0004,     0.0122,     0.2575,     0.7298],
        [    0.0022,     0.0008,     0.0031,     0.0855,     0.9084],
        [    0.4220,     0.5264,     0.0508,     0.0007,     0.0001],
        [    0.0027,     0.0532,     0.7830,     0.1607,     0.0004],
        [    0.0008,     0.0284,     0.5503,     0.4133,     0.0071],
        [    0.0004,     0.0005,     0.0067,     0.1896,     0.8028],
        [    0.0002,     0.0075,     0.6530,     0.3365,     0.0028],
        [    0.0003,     0.0004,     0.0088,     0.1536,     0.8368],
        [    0.0002,     0.0004,     0.0225,     0.5527,     0.4241]],
       device='cuda:1')
Metric:  tensor(0.5000, device='cuda:1')
------------------------
Labels:  tensor([4, 4, 2, 0, 0, 4, 4, 1, 4, 2, 0, 1, 1, 2, 2, 1], device='cuda:1')
Preds:  tensor([4, 4, 1, 2, 0, 4, 4, 1, 4, 2, 3, 1, 2, 1, 2, 2], device='cuda:1')
Outputs:  tensor([[    0.0005,     0.0003,     0.0074,     0.1678,     0.8240],
        [    0.0002,     0.0003,     0.0050,     0.1423,     0.8522],
        [    0.1618,     0.7951,     0.0377,     0.0041,     0.0012],
        [    0.0880,     0.2984,     0.4733,     0.1241,     0.0162],
        [    0.4261,     0.1132,     0.1964,     0.1046,     0.1596],
        [    0.0012,     0.0004,     0.0008,     0.0140,     0.9836],
        [    0.0003,     0.0003,     0.0031,     0.0757,     0.9206],
        [    0.2778,     0.5579,     0.1638,     0.0004,     0.0001],
        [    0.0001,     0.0001,     0.0027,     0.0989,     0.8983],
        [    0.0565,     0.1787,     0.5868,     0.1724,     0.0056],
        [    0.0023,     0.0238,     0.2589,     0.4929,     0.2221],
        [    0.2544,     0.3894,     0.3123,     0.0309,     0.0130],
        [    0.0006,     0.0216,     0.9308,     0.0463,     0.0007],
        [    0.1215,     0.5196,     0.3545,     0.0043,     0.0001],
        [    0.0057,     0.1895,     0.5443,     0.2405,     0.0200],
        [    0.0064,     0.2025,     0.7320,     0.0581,     0.0009]],
       device='cuda:1')
Metric:  tensor(0.6250, device='cuda:1')
------------------------
Mean loss[0.9362663236578945] | Mean metric[0.6048377257198634]
Stupid loss[0.0] | Naive soulution metric[0.2]
Freezed:  module.bert.embeddings.word_embeddings.weight
Freezed:  module.bert.embeddings.position_embeddings.weight
Freezed:  module.bert.embeddings.token_type_embeddings.weight
Freezed:  module.bert.embeddings.LayerNorm.weight
Freezed:  module.bert.embeddings.LayerNorm.bias
Freezed:  module.bert.encoder.layer.0.attention.self.query.weight
Freezed:  module.bert.encoder.layer.0.attention.self.query.bias
Freezed:  module.bert.encoder.layer.0.attention.self.key.weight
Freezed:  module.bert.encoder.layer.0.attention.self.key.bias
Freezed:  module.bert.encoder.layer.0.attention.self.value.weight
Freezed:  module.bert.encoder.layer.0.attention.self.value.bias
Freezed:  module.bert.encoder.layer.0.attention.output.dense.weight
Freezed:  module.bert.encoder.layer.0.attention.output.dense.bias
Freezed:  module.bert.encoder.layer.0.attention.output.LayerNorm.weight
Freezed:  module.bert.encoder.layer.0.attention.output.LayerNorm.bias
Freezed:  module.bert.encoder.layer.0.intermediate.dense.weight
Freezed:  module.bert.encoder.layer.0.intermediate.dense.bias
Freezed:  module.bert.encoder.layer.0.output.dense.weight
Freezed:  module.bert.encoder.layer.0.output.dense.bias
Freezed:  module.bert.encoder.layer.0.output.LayerNorm.weight
Freezed:  module.bert.encoder.layer.0.output.LayerNorm.bias
Freezed:  module.bert.encoder.layer.1.attention.self.query.weight
Freezed:  module.bert.encoder.layer.1.attention.self.query.bias
Freezed:  module.bert.encoder.layer.1.attention.self.key.weight
Freezed:  module.bert.encoder.layer.1.attention.self.key.bias
Freezed:  module.bert.encoder.layer.1.attention.self.value.weight
Freezed:  module.bert.encoder.layer.1.attention.self.value.bias
Freezed:  module.bert.encoder.layer.1.attention.output.dense.weight
Freezed:  module.bert.encoder.layer.1.attention.output.dense.bias
Freezed:  module.bert.encoder.layer.1.attention.output.LayerNorm.weight
Freezed:  module.bert.encoder.layer.1.attention.output.LayerNorm.bias
Freezed:  module.bert.encoder.layer.1.intermediate.dense.weight
Freezed:  module.bert.encoder.layer.1.intermediate.dense.bias
Freezed:  module.bert.encoder.layer.1.output.dense.weight
Freezed:  module.bert.encoder.layer.1.output.dense.bias
Freezed:  module.bert.encoder.layer.1.output.LayerNorm.weight
Freezed:  module.bert.encoder.layer.1.output.LayerNorm.bias
Freezed:  module.bert.encoder.layer.2.attention.self.query.weight
Freezed:  module.bert.encoder.layer.2.attention.self.query.bias
Freezed:  module.bert.encoder.layer.2.attention.self.key.weight
Freezed:  module.bert.encoder.layer.2.attention.self.key.bias
Freezed:  module.bert.encoder.layer.2.attention.self.value.weight
Freezed:  module.bert.encoder.layer.2.attention.self.value.bias
Freezed:  module.bert.encoder.layer.2.attention.output.dense.weight
Freezed:  module.bert.encoder.layer.2.attention.output.dense.bias
Freezed:  module.bert.encoder.layer.2.attention.output.LayerNorm.weight
Freezed:  module.bert.encoder.layer.2.attention.output.LayerNorm.bias
Freezed:  module.bert.encoder.layer.2.intermediate.dense.weight
Freezed:  module.bert.encoder.layer.2.intermediate.dense.bias
Freezed:  module.bert.encoder.layer.2.output.dense.weight
Freezed:  module.bert.encoder.layer.2.output.dense.bias
Freezed:  module.bert.encoder.layer.2.output.LayerNorm.weight
Freezed:  module.bert.encoder.layer.2.output.LayerNorm.bias
Freezed:  module.bert.encoder.layer.3.attention.self.query.weight
Freezed:  module.bert.encoder.layer.3.attention.self.query.bias
Freezed:  module.bert.encoder.layer.3.attention.self.key.weight
Freezed:  module.bert.encoder.layer.3.attention.self.key.bias
Freezed:  module.bert.encoder.layer.3.attention.self.value.weight
Freezed:  module.bert.encoder.layer.3.attention.self.value.bias
Freezed:  module.bert.encoder.layer.3.attention.output.dense.weight
Freezed:  module.bert.encoder.layer.3.attention.output.dense.bias
Freezed:  module.bert.encoder.layer.3.attention.output.LayerNorm.weight
Freezed:  module.bert.encoder.layer.3.attention.output.LayerNorm.bias
Freezed:  module.bert.encoder.layer.3.intermediate.dense.weight
Freezed:  module.bert.encoder.layer.3.intermediate.dense.bias
Freezed:  module.bert.encoder.layer.3.output.dense.weight
Freezed:  module.bert.encoder.layer.3.output.dense.bias
Freezed:  module.bert.encoder.layer.3.output.LayerNorm.weight
Freezed:  module.bert.encoder.layer.3.output.LayerNorm.bias
Freezed:  module.bert.encoder.layer.4.attention.self.query.weight
Freezed:  module.bert.encoder.layer.4.attention.self.query.bias
Freezed:  module.bert.encoder.layer.4.attention.self.key.weight
Freezed:  module.bert.encoder.layer.4.attention.self.key.bias
Freezed:  module.bert.encoder.layer.4.attention.self.value.weight
Freezed:  module.bert.encoder.layer.4.attention.self.value.bias
Freezed:  module.bert.encoder.layer.4.attention.output.dense.weight
Freezed:  module.bert.encoder.layer.4.attention.output.dense.bias
Freezed:  module.bert.encoder.layer.4.attention.output.LayerNorm.weight
Freezed:  module.bert.encoder.layer.4.attention.output.LayerNorm.bias
Freezed:  module.bert.encoder.layer.4.intermediate.dense.weight
Freezed:  module.bert.encoder.layer.4.intermediate.dense.bias
Freezed:  module.bert.encoder.layer.4.output.dense.weight
Freezed:  module.bert.encoder.layer.4.output.dense.bias
Freezed:  module.bert.encoder.layer.4.output.LayerNorm.weight
Freezed:  module.bert.encoder.layer.4.output.LayerNorm.bias
Freezed:  module.bert.encoder.layer.5.attention.self.query.weight
Freezed:  module.bert.encoder.layer.5.attention.self.query.bias
Freezed:  module.bert.encoder.layer.5.attention.self.key.weight
Freezed:  module.bert.encoder.layer.5.attention.self.key.bias
Freezed:  module.bert.encoder.layer.5.attention.self.value.weight
Freezed:  module.bert.encoder.layer.5.attention.self.value.bias
Freezed:  module.bert.encoder.layer.5.attention.output.dense.weight
Freezed:  module.bert.encoder.layer.5.attention.output.dense.bias
Freezed:  module.bert.encoder.layer.5.attention.output.LayerNorm.weight
Freezed:  module.bert.encoder.layer.5.attention.output.LayerNorm.bias
Freezed:  module.bert.encoder.layer.5.intermediate.dense.weight
Freezed:  module.bert.encoder.layer.5.intermediate.dense.bias
Freezed:  module.bert.encoder.layer.5.output.dense.weight
Freezed:  module.bert.encoder.layer.5.output.dense.bias
