Node IP: 10.128.2.152
WARNING:torch.distributed.run:
*****************************************
Setting OMP_NUM_THREADS environment variable for each process to be 1 in default, to avoid your system being overloaded, please further tune the variable for optimal performance in your application as needed. 
*****************************************
WARNING:torch.distributed.run:
*****************************************
Setting OMP_NUM_THREADS environment variable for each process to be 1 in default, to avoid your system being overloaded, please further tune the variable for optimal performance in your application as needed. 
*****************************************
INFO:torch.distributed.launcher.api:Starting elastic_operator with launch configs:
  entrypoint       : train.py
  min_nodes        : 2
  max_nodes        : 2
  nproc_per_node   : 2
  run_id           : 7062
  rdzv_backend     : c10d
  rdzv_endpoint    : 10.128.2.152:29500
  rdzv_configs     : {'timeout': 900}
  max_restarts     : 0
  monitor_interval : 5
  log_dir          : None
  metrics_cfg      : {}

INFO:torch.distributed.launcher.api:Starting elastic_operator with launch configs:
  entrypoint       : train.py
  min_nodes        : 2
  max_nodes        : 2
  nproc_per_node   : 2
  run_id           : 7062
  rdzv_backend     : c10d
  rdzv_endpoint    : 10.128.2.152:29500
  rdzv_configs     : {'timeout': 900}
  max_restarts     : 0
  monitor_interval : 5
  log_dir          : None
  metrics_cfg      : {}

INFO:torch.distributed.elastic.agent.server.local_elastic_agent:log directory set to: /tmp/torchelastic_3ot12t9q/7062_2p8qohxb
INFO:torch.distributed.elastic.agent.server.api:[default] starting workers for entrypoint: python
INFO:torch.distributed.elastic.agent.server.api:[default] Rendezvous'ing worker group
INFO:torch.distributed.elastic.agent.server.local_elastic_agent:log directory set to: /tmp/torchelastic_pdb0zj11/7062_blz6ds_5
INFO:torch.distributed.elastic.agent.server.api:[default] starting workers for entrypoint: python
INFO:torch.distributed.elastic.agent.server.api:[default] Rendezvous'ing worker group
INFO:torch.distributed.elastic.agent.server.api:[default] Rendezvous complete for workers. Result:
  restart_count=0
  master_addr=gpu002.hpc
  master_port=36375
  group_rank=0
  group_world_size=2
  local_ranks=[0, 1]
  role_ranks=[0, 1]
  global_ranks=[0, 1]
  role_world_sizes=[4, 4]
  global_world_sizes=[4, 4]

INFO:torch.distributed.elastic.agent.server.api:[default] Starting worker group
INFO:torch.distributed.elastic.agent.server.api:[default] Rendezvous complete for workers. Result:
  restart_count=0
  master_addr=gpu002.hpc
  master_port=36375
  group_rank=1
  group_world_size=2
  local_ranks=[0, 1]
  role_ranks=[2, 3]
  global_ranks=[2, 3]
  role_world_sizes=[4, 4]
  global_world_sizes=[4, 4]

INFO:torch.distributed.elastic.agent.server.api:[default] Starting worker group
INFO:torch.distributed.elastic.agent.server.local_elastic_agent:Environment variable 'TORCHELASTIC_ENABLE_FILE_TIMER' not found. Do not start FileTimerServer.
INFO:torch.distributed.elastic.multiprocessing:Setting worker0 reply file to: /tmp/torchelastic_3ot12t9q/7062_2p8qohxb/attempt_0/0/error.json
INFO:torch.distributed.elastic.multiprocessing:Setting worker1 reply file to: /tmp/torchelastic_3ot12t9q/7062_2p8qohxb/attempt_0/1/error.json
INFO:torch.distributed.elastic.agent.server.local_elastic_agent:Environment variable 'TORCHELASTIC_ENABLE_FILE_TIMER' not found. Do not start FileTimerServer.
INFO:torch.distributed.elastic.multiprocessing:Setting worker0 reply file to: /tmp/torchelastic_pdb0zj11/7062_blz6ds_5/attempt_0/0/error.json
INFO:torch.distributed.elastic.multiprocessing:Setting worker1 reply file to: /tmp/torchelastic_pdb0zj11/7062_blz6ds_5/attempt_0/1/error.json
/u/dssc/msanna00/.conda/envs/deeplearning3/lib/python3.7/site-packages/torch/cuda/__init__.py:497: UserWarning: Can't initialize NVML
  warnings.warn("Can't initialize NVML")
/u/dssc/msanna00/.conda/envs/deeplearning3/lib/python3.7/site-packages/torch/cuda/__init__.py:497: UserWarning: Can't initialize NVML
  warnings.warn("Can't initialize NVML")
PORT:  36375
WORLD SIZE:  4
MASTER NODE:  gpu002.hpc
My slurm id is:  1
My rank is:  3
PORT:  36375
WORLD SIZE:  4
MASTER NODE:  gpu002.hpc
My slurm id is:  1
My rank is:  2
PORT:  36375
WORLD SIZE:  4
MASTER NODE:  gpu002.hpc
My slurm id is:  0
My rank is:  1
PORT:  36375
WORLD SIZE:  4
MASTER NODE:  gpu002.hpc
My slurm id is:  0
My rank is:  0
Some weights of the model checkpoint at bert-base-cased were not used when initializing BertForSequenceClassification: ['cls.seq_relationship.weight', 'cls.predictions.transform.LayerNorm.weight', 'cls.predictions.bias', 'cls.predictions.transform.LayerNorm.bias', 'cls.predictions.decoder.weight', 'cls.predictions.transform.dense.weight', 'cls.predictions.transform.dense.bias', 'cls.seq_relationship.bias']
- This IS expected if you are initializing BertForSequenceClassification from the checkpoint of a model trained on another task or with another architecture (e.g. initializing a BertForSequenceClassification model from a BertForPreTraining model).
- This IS NOT expected if you are initializing BertForSequenceClassification from the checkpoint of a model that you expect to be exactly identical (initializing a BertForSequenceClassification model from a BertForSequenceClassification model).
Some weights of BertForSequenceClassification were not initialized from the model checkpoint at bert-base-cased and are newly initialized: ['classifier.weight', 'classifier.bias']
You should probably TRAIN this model on a down-stream task to be able to use it for predictions and inference.
Some weights of the model checkpoint at bert-base-cased were not used when initializing BertForSequenceClassification: ['cls.predictions.decoder.weight', 'cls.seq_relationship.bias', 'cls.predictions.bias', 'cls.seq_relationship.weight', 'cls.predictions.transform.dense.weight', 'cls.predictions.transform.LayerNorm.bias', 'cls.predictions.transform.LayerNorm.weight', 'cls.predictions.transform.dense.bias']
- This IS expected if you are initializing BertForSequenceClassification from the checkpoint of a model trained on another task or with another architecture (e.g. initializing a BertForSequenceClassification model from a BertForPreTraining model).
- This IS NOT expected if you are initializing BertForSequenceClassification from the checkpoint of a model that you expect to be exactly identical (initializing a BertForSequenceClassification model from a BertForSequenceClassification model).
Some weights of BertForSequenceClassification were not initialized from the model checkpoint at bert-base-cased and are newly initialized: ['classifier.weight', 'classifier.bias']
You should probably TRAIN this model on a down-stream task to be able to use it for predictions and inference.
Some weights of the model checkpoint at bert-base-cased were not used when initializing BertForSequenceClassification: ['cls.seq_relationship.weight', 'cls.predictions.transform.LayerNorm.weight', 'cls.predictions.decoder.weight', 'cls.predictions.bias', 'cls.seq_relationship.bias', 'cls.predictions.transform.dense.weight', 'cls.predictions.transform.dense.bias', 'cls.predictions.transform.LayerNorm.bias']
- This IS expected if you are initializing BertForSequenceClassification from the checkpoint of a model trained on another task or with another architecture (e.g. initializing a BertForSequenceClassification model from a BertForPreTraining model).
- This IS NOT expected if you are initializing BertForSequenceClassification from the checkpoint of a model that you expect to be exactly identical (initializing a BertForSequenceClassification model from a BertForSequenceClassification model).
Some weights of BertForSequenceClassification were not initialized from the model checkpoint at bert-base-cased and are newly initialized: ['classifier.weight', 'classifier.bias']
You should probably TRAIN this model on a down-stream task to be able to use it for predictions and inference.
Some weights of the model checkpoint at bert-base-cased were not used when initializing BertForSequenceClassification: ['cls.predictions.transform.dense.weight', 'cls.predictions.transform.dense.bias', 'cls.predictions.transform.LayerNorm.weight', 'cls.predictions.transform.LayerNorm.bias', 'cls.predictions.bias', 'cls.seq_relationship.bias', 'cls.predictions.decoder.weight', 'cls.seq_relationship.weight']
- This IS expected if you are initializing BertForSequenceClassification from the checkpoint of a model trained on another task or with another architecture (e.g. initializing a BertForSequenceClassification model from a BertForPreTraining model).
- This IS NOT expected if you are initializing BertForSequenceClassification from the checkpoint of a model that you expect to be exactly identical (initializing a BertForSequenceClassification model from a BertForSequenceClassification model).
Some weights of BertForSequenceClassification were not initialized from the model checkpoint at bert-base-cased and are newly initialized: ['classifier.bias', 'classifier.weight']
You should probably TRAIN this model on a down-stream task to be able to use it for predictions and inference.
------------------------

------------------------

------------------------

------------------------

Loading checkpoint...
Loading checkpoint...
Loading checkpoint...
Loading checkpoint...
Retrieving epoch...
Loading model state...
Retrieving epoch...
Loading model state...
Retrieving epoch...
Loading model state...
Retrieving epoch...
Loading scheduler state...Loading model state...

Loading optmizer state...
Loading scheduler state...
Loading optmizer state...
Loading scheduler state...
Loading optmizer state...
Loading scheduler state...
Loading optmizer state...
LOADED!
I'm process 0 using GPU 0
LOADED!
I'm process 2 using GPU 0
LOADED!
I'm process 3 using GPU 1
LOADED!
I'm process 1 using GPU 1
Labels:  tensor([3, 0, 0, 1, 0, 3, 0, 0, 3, 1, 4, 4, 4, 1, 2, 0], device='cuda:1')
Preds:  tensor([4, 1, 2, 1, 0, 2, 0, 0, 3, 1, 4, 2, 4, 1, 2, 0], device='cuda:1')
Outputs:  tensor([[    0.0004,     0.0005,     0.0126,     0.3458,     0.6407],
        [    0.3993,     0.5017,     0.0973,     0.0013,     0.0004],
        [    0.1580,     0.3803,     0.4316,     0.0267,     0.0034],
        [    0.4246,     0.4652,     0.1074,     0.0023,     0.0004],
        [    0.8380,     0.1468,     0.0149,     0.0002,     0.0000],
        [    0.0024,     0.0307,     0.7900,     0.1726,     0.0043],
        [    0.9472,     0.0507,     0.0019,     0.0001,     0.0000],
        [    0.5402,     0.4353,     0.0235,     0.0008,     0.0002],
        [    0.0002,     0.0039,     0.3722,     0.5524,     0.0713],
        [    0.2256,     0.4504,     0.3024,     0.0185,     0.0031],
        [    0.1352,     0.1258,     0.2600,     0.1785,     0.3004],
        [    0.0744,     0.0683,     0.4273,     0.3457,     0.0843],
        [    0.0003,     0.0003,     0.0025,     0.0616,     0.9354],
        [    0.1955,     0.6190,     0.1595,     0.0232,     0.0029],
        [    0.0023,     0.1053,     0.8850,     0.0072,     0.0002],
        [    0.9723,     0.0271,     0.0004,     0.0001,     0.0001]],
       device='cuda:1')
Metric:  tensor(0.6875, device='cuda:1')
------------------------
Labels:  tensor([2, 2, 1, 1, 1, 4, 4, 4, 3, 2, 0, 3, 3, 4, 0, 3], device='cuda:0')
Preds:  tensor([4, 3, 3, 1, 0, 4, 4, 4, 2, 2, 1, 2, 3, 4, 0, 3], device='cuda:0')
Outputs:  tensor([[    0.0001,     0.0003,     0.0147,     0.4502,     0.5347],
        [    0.0006,     0.0071,     0.3310,     0.6543,     0.0070],
        [    0.0095,     0.0575,     0.4123,     0.4229,     0.0979],
        [    0.1188,     0.4651,     0.3927,     0.0225,     0.0009],
        [    0.6671,     0.3169,     0.0157,     0.0002,     0.0001],
        [    0.0001,     0.0001,     0.0014,     0.0693,     0.9290],
        [    0.0006,     0.0003,     0.0013,     0.0385,     0.9593],
        [    0.0003,     0.0004,     0.0040,     0.0887,     0.9067],
        [    0.0021,     0.0275,     0.8544,     0.1052,     0.0108],
        [    0.0048,     0.0527,     0.5615,     0.3730,     0.0079],
        [    0.0372,     0.4635,     0.4530,     0.0420,     0.0042],
        [    0.0059,     0.0763,     0.6955,     0.1889,     0.0334],
        [    0.0005,     0.0043,     0.1431,     0.6145,     0.2376],
        [    0.0002,     0.0017,     0.0038,     0.2130,     0.7812],
        [    0.9334,     0.0648,     0.0017,     0.0000,     0.0000],
        [    0.0001,     0.0002,     0.0102,     0.9008,     0.0888]],
       device='cuda:0')
Metric:  tensor(0.5625, device='cuda:0')
------------------------
Labels:  tensor([3, 1, 1, 4, 0, 2, 4, 1, 3, 0, 2, 3, 2, 2, 4, 4], device='cuda:0')
Preds:  tensor([3, 1, 0, 4, 0, 2, 4, 0, 3, 0, 1, 4, 1, 2, 3, 4], device='cuda:0')
Outputs:  tensor([[    0.0001,     0.0006,     0.0219,     0.9768,     0.0006],
        [    0.4283,     0.4659,     0.1044,     0.0012,     0.0003],
        [    0.6890,     0.2604,     0.0470,     0.0029,     0.0007],
        [    0.0022,     0.0008,     0.0041,     0.0506,     0.9424],
        [    0.8665,     0.0815,     0.0340,     0.0099,     0.0081],
        [    0.0023,     0.1059,     0.7207,     0.1665,     0.0046],
        [    0.0028,     0.0017,     0.0064,     0.0628,     0.9263],
        [    0.5185,     0.4471,     0.0341,     0.0002,     0.0001],
        [    0.0001,     0.0020,     0.3577,     0.6265,     0.0137],
        [    0.6478,     0.2491,     0.0990,     0.0039,     0.0001],
        [    0.3426,     0.5186,     0.1361,     0.0023,     0.0005],
        [    0.0007,     0.0007,     0.0151,     0.4000,     0.5835],
        [    0.0321,     0.6225,     0.3429,     0.0025,     0.0000],
        [    0.0098,     0.1032,     0.6334,     0.2378,     0.0159],
        [    0.0001,     0.0003,     0.0148,     0.6624,     0.3224],
        [    0.0012,     0.0006,     0.0061,     0.2094,     0.7827]],
       device='cuda:0')
Metric:  tensor(0.6250, device='cuda:0')
------------------------
Labels:  tensor([0, 4, 2, 3, 0, 1, 2, 2, 3, 2, 2, 4, 4, 1, 1, 2], device='cuda:1')
Preds:  tensor([0, 4, 1, 4, 0, 1, 2, 3, 2, 2, 0, 4, 4, 2, 1, 4], device='cuda:1')
Outputs:  tensor([[    0.7216,     0.2738,     0.0046,     0.0001,     0.0000],
        [    0.0002,     0.0002,     0.0012,     0.0905,     0.9079],
        [    0.0464,     0.6978,     0.2153,     0.0341,     0.0063],
        [    0.0001,     0.0000,     0.0001,     0.0109,     0.9888],
        [    0.9835,     0.0148,     0.0013,     0.0002,     0.0002],
        [    0.0692,     0.4362,     0.4086,     0.0813,     0.0047],
        [    0.0159,     0.1418,     0.3478,     0.3316,     0.1629],
        [    0.0004,     0.0053,     0.3879,     0.5791,     0.0273],
        [    0.0967,     0.3906,     0.4750,     0.0371,     0.0006],
        [    0.0060,     0.0800,     0.6931,     0.2150,     0.0059],
        [    0.7532,     0.2155,     0.0294,     0.0013,     0.0006],
        [    0.0001,     0.0001,     0.0007,     0.0352,     0.9639],
        [    0.0006,     0.0004,     0.0010,     0.0052,     0.9927],
        [    0.0215,     0.3999,     0.4731,     0.0960,     0.0095],
        [    0.0052,     0.9897,     0.0045,     0.0004,     0.0002],
        [    0.0123,     0.0049,     0.0296,     0.1749,     0.7783]],
       device='cuda:1')
Metric:  tensor(0.5625, device='cuda:1')
------------------------
Labels:  tensor([0, 1, 4, 2, 3, 2, 1, 0, 2, 2, 2, 0, 2, 4, 3, 4], device='cuda:0')
Preds:  tensor([0, 1, 4, 1, 2, 2, 1, 0, 0, 3, 3, 0, 3, 4, 0, 4], device='cuda:0')
Outputs:  tensor([[    0.5519,     0.4252,     0.0228,     0.0001,     0.0000],
        [    0.2034,     0.7851,     0.0112,     0.0002,     0.0001],
        [    0.0013,     0.0033,     0.0416,     0.2472,     0.7066],
        [    0.3129,     0.5312,     0.1532,     0.0024,     0.0003],
        [    0.2613,     0.3239,     0.3665,     0.0373,     0.0109],
        [    0.0233,     0.0310,     0.9309,     0.0123,     0.0025],
        [    0.3346,     0.5347,     0.1300,     0.0006,     0.0001],
        [    0.9481,     0.0446,     0.0055,     0.0009,     0.0009],
        [    0.4227,     0.4052,     0.1687,     0.0031,     0.0004],
        [    0.0004,     0.0038,     0.2068,     0.6482,     0.1407],
        [    0.0013,     0.0147,     0.3937,     0.4851,     0.1052],
        [    0.9447,     0.0532,     0.0019,     0.0002,     0.0001],
        [    0.0006,     0.0129,     0.2395,     0.7261,     0.0208],
        [    0.0020,     0.0014,     0.0180,     0.1932,     0.7855],
        [    0.6246,     0.3030,     0.0711,     0.0011,     0.0001],
        [    0.0002,     0.0003,     0.0003,     0.0105,     0.9886]],
       device='cuda:0')
Metric:  tensor(0.5625, device='cuda:0')
------------------------
Labels:  tensor([3, 2, 3, 1, 3, 4, 3, 0, 3, 1, 1, 0, 0, 3, 2, 0], device='cuda:1')
Preds:  tensor([3, 2, 3, 1, 2, 4, 2, 1, 4, 1, 1, 0, 0, 3, 2, 2], device='cuda:1')
Outputs:  tensor([[    0.0025,     0.0134,     0.3684,     0.6029,     0.0129],
        [    0.0022,     0.0537,     0.6999,     0.2387,     0.0055],
        [    0.0024,     0.0052,     0.0701,     0.9185,     0.0038],
        [    0.3781,     0.4558,     0.1616,     0.0042,     0.0003],
        [    0.0011,     0.0325,     0.9326,     0.0332,     0.0005],
        [    0.0008,     0.0009,     0.0113,     0.1468,     0.8402],
        [    0.0248,     0.1519,     0.5699,     0.2187,     0.0346],
        [    0.2098,     0.5231,     0.2645,     0.0024,     0.0001],
        [    0.0001,     0.0002,     0.0052,     0.3301,     0.6644],
        [    0.2151,     0.4554,     0.2961,     0.0293,     0.0042],
        [    0.1672,     0.4979,     0.3260,     0.0084,     0.0005],
        [    0.7977,     0.1886,     0.0132,     0.0004,     0.0002],
        [    0.6127,     0.2798,     0.0965,     0.0090,     0.0021],
        [    0.0146,     0.0570,     0.2304,     0.4839,     0.2141],
        [    0.0574,     0.2853,     0.5645,     0.0872,     0.0057],
        [    0.0177,     0.1592,     0.6373,     0.1837,     0.0021]],
       device='cuda:1')
Metric:  tensor(0.6875, device='cuda:1')
------------------------
Labels:  tensor([1, 1, 1, 1, 2, 1, 0, 0, 4, 4, 2, 1, 3, 0, 0, 1], device='cuda:0')
Preds:  tensor([3, 0, 1, 4, 1, 2, 0, 0, 4, 4, 2, 1, 2, 0, 0, 1], device='cuda:0')
Outputs:  tensor([[    0.0074,     0.0497,     0.3632,     0.4301,     0.1497],
        [    0.3745,     0.3694,     0.2501,     0.0055,     0.0005],
        [    0.0657,     0.5117,     0.4139,     0.0083,     0.0003],
        [    0.0558,     0.0442,     0.0980,     0.2002,     0.6018],
        [    0.0341,     0.5228,     0.3770,     0.0590,     0.0071],
        [    0.0166,     0.2146,     0.7134,     0.0531,     0.0024],
        [    0.9170,     0.0750,     0.0057,     0.0009,     0.0015],
        [    0.6501,     0.3413,     0.0085,     0.0001,     0.0001],
        [    0.0003,     0.0002,     0.0018,     0.0715,     0.9262],
        [    0.0006,     0.0003,     0.0024,     0.0461,     0.9505],
        [    0.0093,     0.1779,     0.7395,     0.0723,     0.0010],
        [    0.3565,     0.4813,     0.1565,     0.0044,     0.0013],
        [    0.0008,     0.0142,     0.6170,     0.3676,     0.0003],
        [    0.6268,     0.3196,     0.0506,     0.0028,     0.0002],
        [    0.5749,     0.2857,     0.1069,     0.0208,     0.0118],
        [    0.3116,     0.5062,     0.1783,     0.0037,     0.0001]],
       device='cuda:0')
Metric:  tensor(0.6250, device='cuda:0')
------------------------
Labels:  tensor([2, 0, 4, 4, 4, 0, 0, 2, 4, 0, 4, 0, 0, 0, 1, 2], device='cuda:1')
Preds:  tensor([2, 0, 4, 4, 4, 0, 0, 2, 4, 1, 3, 0, 1, 0, 2, 4], device='cuda:1')
Outputs:  tensor([[    0.0008,     0.0048,     0.9434,     0.0421,     0.0089],
        [    0.5725,     0.3638,     0.0581,     0.0040,     0.0016],
        [    0.0005,     0.0025,     0.0018,     0.0268,     0.9684],
        [    0.0001,     0.0001,     0.0002,     0.0125,     0.9871],
        [    0.0003,     0.0003,     0.0068,     0.1813,     0.8113],
        [    0.6090,     0.3489,     0.0395,     0.0018,     0.0008],
        [    0.8342,     0.1544,     0.0108,     0.0004,     0.0001],
        [    0.0449,     0.2906,     0.6480,     0.0159,     0.0005],
        [    0.0003,     0.0003,     0.0072,     0.1776,     0.8146],
        [    0.0824,     0.4972,     0.4100,     0.0099,     0.0005],
        [    0.0037,     0.0040,     0.0721,     0.5138,     0.4064],
        [    0.4790,     0.2689,     0.1854,     0.0367,     0.0299],
        [    0.4693,     0.4817,     0.0483,     0.0006,     0.0002],
        [    0.8915,     0.1075,     0.0008,     0.0000,     0.0001],
        [    0.0160,     0.2591,     0.6924,     0.0322,     0.0002],
        [    0.0426,     0.0513,     0.1164,     0.1316,     0.6581]],
       device='cuda:1')
Metric:  tensor(0.6875, device='cuda:1')
------------------------
Labels:  tensor([3, 3, 3, 2, 1, 3, 1, 1, 2, 2, 0, 3, 3, 4, 4, 2], device='cuda:0')
Preds:  tensor([3, 2, 2, 2, 1, 2, 1, 0, 2, 2, 0, 4, 2, 4, 4, 0], device='cuda:0')
Outputs:  tensor([[    0.0001,     0.0004,     0.0207,     0.6583,     0.3205],
        [    0.0022,     0.0279,     0.7386,     0.2114,     0.0199],
        [    0.0021,     0.0382,     0.6646,     0.2871,     0.0079],
        [    0.0239,     0.2026,     0.6874,     0.0847,     0.0014],
        [    0.4321,     0.5168,     0.0503,     0.0006,     0.0001],
        [    0.0844,     0.1571,     0.4586,     0.2278,     0.0722],
        [    0.1958,     0.6083,     0.1917,     0.0041,     0.0002],
        [    0.9760,     0.0229,     0.0010,     0.0001,     0.0001],
        [    0.0008,     0.0165,     0.6610,     0.3138,     0.0079],
        [    0.0507,     0.3017,     0.4175,     0.2044,     0.0257],
        [    0.6501,     0.3087,     0.0408,     0.0003,     0.0001],
        [    0.0001,     0.0001,     0.0003,     0.0093,     0.9903],
        [    0.0005,     0.0137,     0.6617,     0.3220,     0.0021],
        [    0.0003,     0.0005,     0.0092,     0.2480,     0.7421],
        [    0.0096,     0.0140,     0.1023,     0.1624,     0.7118],
        [    0.6278,     0.3264,     0.0445,     0.0011,     0.0003]],
       device='cuda:0')
Metric:  tensor(0.5625, device='cuda:0')
------------------------
Labels:  tensor([3, 2, 3, 2, 3, 0, 2, 4, 1, 1, 1, 1, 0, 0, 0, 0], device='cuda:1')
Preds:  tensor([4, 2, 2, 2, 4, 0, 1, 4, 2, 0, 1, 2, 0, 0, 0, 0], device='cuda:1')
Outputs:  tensor([[    0.0004,     0.0007,     0.0105,     0.2127,     0.7758],
        [    0.0025,     0.0462,     0.8219,     0.1276,     0.0018],
        [    0.0015,     0.0373,     0.9053,     0.0554,     0.0006],
        [    0.0042,     0.0350,     0.9588,     0.0017,     0.0002],
        [    0.0002,     0.0002,     0.0027,     0.0884,     0.9086],
        [    0.7391,     0.2497,     0.0109,     0.0002,     0.0001],
        [    0.2185,     0.4331,     0.2876,     0.0543,     0.0065],
        [    0.0017,     0.0024,     0.0130,     0.1222,     0.8607],
        [    0.0143,     0.1629,     0.7504,     0.0715,     0.0010],
        [    0.7524,     0.1694,     0.0471,     0.0114,     0.0197],
        [    0.2339,     0.5735,     0.1907,     0.0018,     0.0001],
        [    0.2908,     0.3184,     0.3446,     0.0364,     0.0097],
        [    0.9913,     0.0061,     0.0015,     0.0004,     0.0007],
        [    0.8211,     0.1455,     0.0239,     0.0040,     0.0054],
        [    0.9898,     0.0099,     0.0002,     0.0000,     0.0001],
        [    0.9968,     0.0024,     0.0003,     0.0001,     0.0004]],
       device='cuda:1')
Metric:  tensor(0.5625, device='cuda:1')
------------------------
Labels:  tensor([4, 0, 4, 0, 4, 1, 1, 3, 0, 4, 4, 3, 0, 2, 3, 0], device='cuda:0')
Preds:  tensor([4, 0, 4, 0, 4, 1, 1, 2, 0, 3, 4, 3, 0, 1, 4, 0], device='cuda:0')
Outputs:  tensor([[    0.0003,     0.0002,     0.0018,     0.0738,     0.9239],
        [    0.6157,     0.3183,     0.0643,     0.0016,     0.0002],
        [    0.0003,     0.0003,     0.0071,     0.2737,     0.7186],
        [    0.8348,     0.1583,     0.0067,     0.0002,     0.0001],
        [    0.0560,     0.0274,     0.0470,     0.0833,     0.7863],
        [    0.0057,     0.9892,     0.0047,     0.0003,     0.0001],
        [    0.1085,     0.4552,     0.4102,     0.0246,     0.0015],
        [    0.0440,     0.2060,     0.2970,     0.2203,     0.2327],
        [    0.9682,     0.0309,     0.0007,     0.0001,     0.0001],
        [    0.0014,     0.0066,     0.1661,     0.4398,     0.3861],
        [    0.0015,     0.0205,     0.0104,     0.1844,     0.7833],
        [    0.0011,     0.0050,     0.1105,     0.4909,     0.3924],
        [    0.7140,     0.2748,     0.0111,     0.0001,     0.0001],
        [    0.0615,     0.5815,     0.3184,     0.0375,     0.0011],
        [    0.0001,     0.0002,     0.0052,     0.3183,     0.6762],
        [    0.8643,     0.1287,     0.0066,     0.0002,     0.0001]],
       device='cuda:0')
Metric:  tensor(0.7500, device='cuda:0')
------------------------
Labels:  tensor([2, 3, 4, 0, 1, 3, 4, 3, 4, 2, 1, 0, 4, 4, 4, 4], device='cuda:1')
Preds:  tensor([2, 3, 4, 1, 1, 4, 4, 2, 4, 3, 1, 0, 4, 4, 3, 4], device='cuda:1')
Outputs:  tensor([[    0.0394,     0.3791,     0.5632,     0.0178,     0.0006],
        [    0.0003,     0.0017,     0.1306,     0.7527,     0.1147],
        [    0.0013,     0.0007,     0.0017,     0.0113,     0.9850],
        [    0.3044,     0.6541,     0.0409,     0.0004,     0.0002],
        [    0.2896,     0.5124,     0.1798,     0.0145,     0.0037],
        [    0.0010,     0.0019,     0.0422,     0.4077,     0.5473],
        [    0.0014,     0.0006,     0.0021,     0.0092,     0.9868],
        [    0.0095,     0.3680,     0.6101,     0.0120,     0.0003],
        [    0.0004,     0.0004,     0.0001,     0.0025,     0.9965],
        [    0.0002,     0.0052,     0.4389,     0.5460,     0.0097],
        [    0.3345,     0.5380,     0.1252,     0.0021,     0.0003],
        [    0.8832,     0.1120,     0.0044,     0.0002,     0.0001],
        [    0.0001,     0.0002,     0.0020,     0.0890,     0.9086],
        [    0.0006,     0.0005,     0.0025,     0.0689,     0.9275],
        [    0.0020,     0.0083,     0.2807,     0.5493,     0.1598],
        [    0.0002,     0.0001,     0.0012,     0.0858,     0.9127]],
       device='cuda:1')
Metric:  tensor(0.6875, device='cuda:1')
------------------------
Labels:  tensor([4, 1, 1, 0, 0, 1, 2, 4, 2, 4, 4, 1, 0, 1, 2, 1], device='cuda:0')
Preds:  tensor([4, 1, 0, 0, 0, 1, 2, 4, 2, 4, 4, 4, 0, 0, 3, 0], device='cuda:0')
Outputs:  tensor([[    0.0011,     0.0009,     0.0041,     0.0474,     0.9465],
        [    0.3727,     0.5503,     0.0761,     0.0007,     0.0002],
        [    0.9535,     0.0452,     0.0012,     0.0001,     0.0000],
        [    0.6625,     0.3061,     0.0292,     0.0012,     0.0009],
        [    0.7414,     0.2396,     0.0178,     0.0007,     0.0005],
        [    0.1608,     0.6360,     0.2016,     0.0015,     0.0001],
        [    0.0671,     0.1948,     0.4763,     0.2318,     0.0300],
        [    0.0001,     0.0002,     0.0005,     0.0885,     0.9107],
        [    0.0352,     0.3793,     0.5642,     0.0212,     0.0001],
        [    0.0006,     0.0005,     0.0053,     0.1801,     0.8135],
        [    0.0127,     0.0148,     0.0383,     0.0956,     0.8387],
        [    0.2551,     0.0566,     0.0742,     0.1020,     0.5121],
        [    0.9516,     0.0475,     0.0008,     0.0001,     0.0000],
        [    0.5744,     0.3398,     0.0817,     0.0037,     0.0004],
        [    0.0718,     0.1162,     0.3403,     0.4067,     0.0651],
        [    0.5950,     0.2950,     0.0908,     0.0138,     0.0053]],
       device='cuda:0')
Metric:  tensor(0.6875, device='cuda:0')
------------------------
Labels:  tensor([1, 1, 2, 1, 1, 4, 1, 4, 4, 1, 3, 2, 4, 3, 3, 4], device='cuda:1')
Preds:  tensor([3, 1, 2, 0, 1, 4, 0, 4, 4, 1, 2, 2, 4, 2, 4, 3], device='cuda:1')
Outputs:  tensor([[    0.0141,     0.0506,     0.3843,     0.4233,     0.1276],
        [    0.1076,     0.4725,     0.3993,     0.0200,     0.0006],
        [    0.1475,     0.3851,     0.4021,     0.0645,     0.0008],
        [    0.5997,     0.3193,     0.0796,     0.0013,     0.0002],
        [    0.3634,     0.5840,     0.0523,     0.0003,     0.0000],
        [    0.0016,     0.0007,     0.0020,     0.0426,     0.9531],
        [    0.6794,     0.2725,     0.0458,     0.0016,     0.0007],
        [    0.0002,     0.0004,     0.0156,     0.2691,     0.7146],
        [    0.0020,     0.0008,     0.0025,     0.0707,     0.9239],
        [    0.4594,     0.4883,     0.0512,     0.0009,     0.0001],
        [    0.0026,     0.0622,     0.8234,     0.1114,     0.0004],
        [    0.0018,     0.0416,     0.5497,     0.3993,     0.0076],
        [    0.0007,     0.0011,     0.0135,     0.2570,     0.7277],
        [    0.0004,     0.0122,     0.7036,     0.2800,     0.0038],
        [    0.0007,     0.0008,     0.0086,     0.1130,     0.8769],
        [    0.0003,     0.0007,     0.0301,     0.5205,     0.4484]],
       device='cuda:1')
Metric:  tensor(0.5625, device='cuda:1')
------------------------
Labels:  tensor([2, 0, 1, 3, 4, 2, 0, 0, 2, 1, 0, 1, 1, 2, 3, 4], device='cuda:0')
Preds:  tensor([4, 0, 2, 2, 4, 2, 0, 0, 1, 0, 0, 0, 0, 1, 2, 4], device='cuda:0')
Outputs:  tensor([[    0.0006,     0.0016,     0.0222,     0.2307,     0.7449],
        [    0.7434,     0.2342,     0.0212,     0.0009,     0.0003],
        [    0.0048,     0.1128,     0.8116,     0.0704,     0.0003],
        [    0.0022,     0.0670,     0.8779,     0.0525,     0.0004],
        [    0.0058,     0.0014,     0.0028,     0.0148,     0.9752],
        [    0.0085,     0.1583,     0.6344,     0.1950,     0.0039],
        [    0.5194,     0.4329,     0.0465,     0.0010,     0.0001],
        [    0.7787,     0.1988,     0.0222,     0.0002,     0.0000],
        [    0.0434,     0.8500,     0.0895,     0.0122,     0.0049],
        [    0.6485,     0.2345,     0.1010,     0.0108,     0.0052],
        [    0.9911,     0.0086,     0.0002,     0.0000,     0.0001],
        [    0.6210,     0.2851,     0.0916,     0.0022,     0.0001],
        [    0.7298,     0.1918,     0.0669,     0.0084,     0.0030],
        [    0.0111,     0.6302,     0.3024,     0.0535,     0.0028],
        [    0.0887,     0.1654,     0.3442,     0.2435,     0.1582],
        [    0.0003,     0.0005,     0.0004,     0.0247,     0.9742]],
       device='cuda:0')
Metric:  tensor(0.4375, device='cuda:0')
------------------------
Labels:  tensor([4, 4, 4, 2, 3, 2, 4, 1, 2, 1, 1, 2, 0, 1, 0, 1], device='cuda:1')
Preds:  tensor([4, 4, 4, 1, 2, 3, 4, 2, 2, 2, 0, 2, 0, 0, 0, 2], device='cuda:1')
Outputs:  tensor([[    0.0005,     0.0006,     0.0046,     0.0790,     0.9153],
        [    0.0003,     0.0003,     0.0035,     0.1638,     0.8322],
        [    0.0025,     0.0008,     0.0056,     0.1608,     0.8302],
        [    0.2083,     0.4234,     0.3626,     0.0053,     0.0005],
        [    0.0040,     0.0311,     0.5741,     0.3466,     0.0441],
        [    0.0001,     0.0009,     0.0762,     0.8168,     0.1060],
        [    0.0014,     0.0009,     0.0023,     0.0088,     0.9866],
        [    0.0870,     0.4219,     0.4266,     0.0605,     0.0039],
        [    0.0018,     0.0674,     0.8313,     0.0991,     0.0003],
        [    0.0328,     0.3006,     0.6158,     0.0497,     0.0011],
        [    0.6646,     0.2672,     0.0596,     0.0079,     0.0007],
        [    0.0178,     0.3246,     0.6403,     0.0167,     0.0006],
        [    0.9830,     0.0165,     0.0003,     0.0001,     0.0001],
        [    0.7344,     0.2453,     0.0196,     0.0005,     0.0001],
        [    0.7639,     0.2237,     0.0119,     0.0004,     0.0001],
        [    0.0114,     0.1123,     0.6440,     0.2254,     0.0069]],
       device='cuda:1')
Metric:  tensor(0.5000, device='cuda:1')
------------------------
Labels:  tensor([1, 1, 2, 4, 2, 4, 0, 2, 3, 2, 0, 1, 1, 3, 2, 0], device='cuda:0')
Preds:  tensor([1, 2, 2, 4, 0, 4, 0, 4, 4, 2, 0, 2, 0, 4, 4, 1], device='cuda:0')
Outputs:  tensor([[    0.2280,     0.5366,     0.2341,     0.0012,     0.0001],
        [    0.0562,     0.3407,     0.5561,     0.0451,     0.0019],
        [    0.0004,     0.0059,     0.9886,     0.0048,     0.0003],
        [    0.0002,     0.0002,     0.0002,     0.0386,     0.9608],
        [    0.8398,     0.1334,     0.0253,     0.0011,     0.0005],
        [    0.0007,     0.0002,     0.0006,     0.0144,     0.9842],
        [    0.9693,     0.0301,     0.0004,     0.0001,     0.0002],
        [    0.0001,     0.0001,     0.0005,     0.0264,     0.9729],
        [    0.0001,     0.0001,     0.0045,     0.2671,     0.7282],
        [    0.0489,     0.4317,     0.5112,     0.0082,     0.0001],
        [    0.6073,     0.3166,     0.0731,     0.0028,     0.0002],
        [    0.0079,     0.1090,     0.7241,     0.1542,     0.0048],
        [    0.7642,     0.1872,     0.0382,     0.0058,     0.0047],
        [    0.0007,     0.0008,     0.0162,     0.4884,     0.4938],
        [    0.0267,     0.0143,     0.0293,     0.0516,     0.8781],
        [    0.0737,     0.4970,     0.3986,     0.0303,     0.0004]],
       device='cuda:0')
Metric:  tensor(0.4375, device='cuda:0')
------------------------
Mean loss[0.9213146580725894] | Mean metric[0.6085895558809176]
Stupid loss[0.0] | Naive soulution metric[0.2]
Freezed:  module.bert.embeddings.word_embeddings.weight
Freezed:  module.bert.embeddings.position_embeddings.weight
Freezed:  module.bert.embeddings.token_type_embeddings.weight
Freezed:  module.bert.embeddings.LayerNorm.weight
Freezed:  module.bert.embeddings.LayerNorm.bias
Freezed:  module.bert.encoder.layer.0.attention.self.query.weight
Freezed:  module.bert.encoder.layer.0.attention.self.query.bias
Freezed:  module.bert.encoder.layer.0.attention.self.key.weight
Freezed:  module.bert.encoder.layer.0.attention.self.key.bias
Freezed:  module.bert.encoder.layer.0.attention.self.value.weight
Freezed:  module.bert.encoder.layer.0.attention.self.value.bias
Freezed:  module.bert.encoder.layer.0.attention.output.dense.weight
Freezed:  module.bert.encoder.layer.0.attention.output.dense.bias
Freezed:  module.bert.encoder.layer.0.attention.output.LayerNorm.weight
Freezed:  module.bert.encoder.layer.0.attention.output.LayerNorm.bias
Freezed:  module.bert.encoder.layer.0.intermediate.dense.weight
Freezed:  module.bert.encoder.layer.0.intermediate.dense.bias
Freezed:  module.bert.encoder.layer.0.output.dense.weight
Freezed:  module.bert.encoder.layer.0.output.dense.bias
Freezed:  module.bert.encoder.layer.0.output.LayerNorm.weight
Freezed:  module.bert.encoder.layer.0.output.LayerNorm.bias
Freezed:  module.bert.encoder.layer.1.attention.self.query.weight
Freezed:  module.bert.encoder.layer.1.attention.self.query.bias
Freezed:  module.bert.encoder.layer.1.attention.self.key.weight
Freezed:  module.bert.encoder.layer.1.attention.self.key.bias
Freezed:  module.bert.encoder.layer.1.attention.self.value.weight
Freezed:  module.bert.encoder.layer.1.attention.self.value.bias
Freezed:  module.bert.encoder.layer.1.attention.output.dense.weight
Freezed:  module.bert.encoder.layer.1.attention.output.dense.bias
Freezed:  module.bert.encoder.layer.1.attention.output.LayerNorm.weight
Freezed:  module.bert.encoder.layer.1.attention.output.LayerNorm.bias
Freezed:  module.bert.encoder.layer.1.intermediate.dense.weight
Freezed:  module.bert.encoder.layer.1.intermediate.dense.bias
Freezed:  module.bert.encoder.layer.1.output.dense.weight
Freezed:  module.bert.encoder.layer.1.output.dense.bias
Freezed:  module.bert.encoder.layer.1.output.LayerNorm.weight
Freezed:  module.bert.encoder.layer.1.output.LayerNorm.bias
Freezed:  module.bert.encoder.layer.2.attention.self.query.weight
Freezed:  module.bert.encoder.layer.2.attention.self.query.bias
Freezed:  module.bert.encoder.layer.2.attention.self.key.weight
Freezed:  module.bert.encoder.layer.2.attention.self.key.bias
Freezed:  module.bert.encoder.layer.2.attention.self.value.weight
Freezed:  module.bert.encoder.layer.2.attention.self.value.bias
Freezed:  module.bert.encoder.layer.2.attention.output.dense.weight
Freezed:  module.bert.encoder.layer.2.attention.output.dense.bias
Freezed:  module.bert.encoder.layer.2.attention.output.LayerNorm.weight
Freezed:  module.bert.encoder.layer.2.attention.output.LayerNorm.bias
Freezed:  module.bert.encoder.layer.2.intermediate.dense.weight
Freezed:  module.bert.encoder.layer.2.intermediate.dense.bias
Freezed:  module.bert.encoder.layer.2.output.dense.weight
Freezed:  module.bert.encoder.layer.2.output.dense.bias
Freezed:  module.bert.encoder.layer.2.output.LayerNorm.weight
Freezed:  module.bert.encoder.layer.2.output.LayerNorm.bias
Freezed:  module.bert.encoder.layer.3.attention.self.query.weight
Freezed:  module.bert.encoder.layer.3.attention.self.query.bias
Freezed:  module.bert.encoder.layer.3.attention.self.key.weight
Freezed:  module.bert.encoder.layer.3.attention.self.key.bias
Freezed:  module.bert.encoder.layer.3.attention.self.value.weight
Freezed:  module.bert.encoder.layer.3.attention.self.value.bias
Freezed:  module.bert.encoder.layer.3.attention.output.dense.weight
Freezed:  module.bert.encoder.layer.3.attention.output.dense.bias
Freezed:  module.bert.encoder.layer.3.attention.output.LayerNorm.weight
Freezed:  module.bert.encoder.layer.3.attention.output.LayerNorm.bias
Freezed:  module.bert.encoder.layer.3.intermediate.dense.weight
Freezed:  module.bert.encoder.layer.3.intermediate.dense.bias
Freezed:  module.bert.encoder.layer.3.output.dense.weight
Freezed:  module.bert.encoder.layer.3.output.dense.bias
Freezed:  module.bert.encoder.layer.3.output.LayerNorm.weight
Freezed:  module.bert.encoder.layer.3.output.LayerNorm.bias
Freezed:  module.bert.encoder.layer.4.attention.self.query.weight
Freezed:  module.bert.encoder.layer.4.attention.self.query.bias
Freezed:  module.bert.encoder.layer.4.attention.self.key.weight
Freezed:  module.bert.encoder.layer.4.attention.self.key.bias
Freezed:  module.bert.encoder.layer.4.attention.self.value.weight
Freezed:  module.bert.encoder.layer.4.attention.self.value.bias
Freezed:  module.bert.encoder.layer.4.attention.output.dense.weight
Freezed:  module.bert.encoder.layer.4.attention.output.dense.bias
Freezed:  module.bert.encoder.layer.4.attention.output.LayerNorm.weight
Freezed:  module.bert.encoder.layer.4.attention.output.LayerNorm.bias
Freezed:  module.bert.encoder.layer.4.intermediate.dense.weight
Freezed:  module.bert.encoder.layer.4.intermediate.dense.bias
Freezed:  module.bert.encoder.layer.4.output.dense.weight
Freezed:  module.bert.encoder.layer.4.output.dense.bias
Freezed:  module.bert.encoder.layer.4.output.LayerNorm.weight
Freezed:  module.bert.encoder.layer.4.output.LayerNorm.bias
Freezed:  module.bert.encoder.layer.5.attention.self.query.weight
Freezed:  module.bert.encoder.layer.5.attention.self.query.bias
Freezed:  module.bert.encoder.layer.5.attention.self.key.weight
Freezed:  module.bert.encoder.layer.5.attention.self.key.bias
Freezed:  module.bert.encoder.layer.5.attention.self.value.weight
Freezed:  module.bert.encoder.layer.5.attention.self.value.bias
Freezed:  module.bert.encoder.layer.5.attention.output.dense.weight
Freezed:  module.bert.encoder.layer.5.attention.output.dense.bias
Freezed:  module.bert.encoder.layer.5.attention.output.LayerNorm.weight
Freezed:  module.bert.encoder.layer.5.attention.output.LayerNorm.bias
Freezed:  module.bert.encoder.layer.5.intermediate.dense.weight
Freezed:  module.bert.encoder.layer.5.intermediate.dense.bias
Freezed:  module.bert.encoder.layer.5.output.dense.weight
Freezed:  module.bert.encoder.layer.5.output.dense.bias
