Node IP: 10.128.2.151
WARNING:torch.distributed.run:
*****************************************
Setting OMP_NUM_THREADS environment variable for each process to be 1 in default, to avoid your system being overloaded, please further tune the variable for optimal performance in your application as needed. 
*****************************************
INFO:torch.distributed.launcher.api:Starting elastic_operator with launch configs:
  entrypoint       : train.py
  min_nodes        : 2
  max_nodes        : 2
  nproc_per_node   : 2
  run_id           : 6055
  rdzv_backend     : c10d
  rdzv_endpoint    : 10.128.2.151:29500
  rdzv_configs     : {'timeout': 900}
  max_restarts     : 0
  monitor_interval : 5
  log_dir          : None
  metrics_cfg      : {}

INFO:torch.distributed.elastic.agent.server.local_elastic_agent:log directory set to: /tmp/torchelastic_vgr690x3/6055_1c6xce5c
INFO:torch.distributed.elastic.agent.server.api:[default] starting workers for entrypoint: python
INFO:torch.distributed.elastic.agent.server.api:[default] Rendezvous'ing worker group
WARNING:torch.distributed.run:
*****************************************
Setting OMP_NUM_THREADS environment variable for each process to be 1 in default, to avoid your system being overloaded, please further tune the variable for optimal performance in your application as needed. 
*****************************************
INFO:torch.distributed.launcher.api:Starting elastic_operator with launch configs:
  entrypoint       : train.py
  min_nodes        : 2
  max_nodes        : 2
  nproc_per_node   : 2
  run_id           : 6055
  rdzv_backend     : c10d
  rdzv_endpoint    : 10.128.2.151:29500
  rdzv_configs     : {'timeout': 900}
  max_restarts     : 0
  monitor_interval : 5
  log_dir          : None
  metrics_cfg      : {}

INFO:torch.distributed.elastic.agent.server.local_elastic_agent:log directory set to: /tmp/torchelastic_521s5tgu/6055_vbekv7iw
INFO:torch.distributed.elastic.agent.server.api:[default] starting workers for entrypoint: python
INFO:torch.distributed.elastic.agent.server.api:[default] Rendezvous'ing worker group
INFO:torch.distributed.elastic.agent.server.api:[default] Rendezvous complete for workers. Result:
  restart_count=0
  master_addr=gpu001.hpc
  master_port=42981
  group_rank=0
  group_world_size=2
  local_ranks=[0, 1]
  role_ranks=[0, 1]
  global_ranks=[0, 1]
  role_world_sizes=[4, 4]
  global_world_sizes=[4, 4]

INFO:torch.distributed.elastic.agent.server.api:[default] Starting worker group
INFO:torch.distributed.elastic.agent.server.api:[default] Rendezvous complete for workers. Result:
  restart_count=0
  master_addr=gpu001.hpc
  master_port=42981
  group_rank=1
  group_world_size=2
  local_ranks=[0, 1]
  role_ranks=[2, 3]
  global_ranks=[2, 3]
  role_world_sizes=[4, 4]
  global_world_sizes=[4, 4]

INFO:torch.distributed.elastic.agent.server.local_elastic_agent:Environment variable 'TORCHELASTIC_ENABLE_FILE_TIMER' not found. Do not start FileTimerServer.
INFO:torch.distributed.elastic.agent.server.api:[default] Starting worker group
INFO:torch.distributed.elastic.multiprocessing:Setting worker0 reply file to: /tmp/torchelastic_vgr690x3/6055_1c6xce5c/attempt_0/0/error.json
INFO:torch.distributed.elastic.multiprocessing:Setting worker1 reply file to: /tmp/torchelastic_vgr690x3/6055_1c6xce5c/attempt_0/1/error.json
INFO:torch.distributed.elastic.agent.server.local_elastic_agent:Environment variable 'TORCHELASTIC_ENABLE_FILE_TIMER' not found. Do not start FileTimerServer.
INFO:torch.distributed.elastic.multiprocessing:Setting worker0 reply file to: /tmp/torchelastic_521s5tgu/6055_vbekv7iw/attempt_0/0/error.json
INFO:torch.distributed.elastic.multiprocessing:Setting worker1 reply file to: /tmp/torchelastic_521s5tgu/6055_vbekv7iw/attempt_0/1/error.json
/u/dssc/msanna00/.conda/envs/deeplearning3/lib/python3.7/site-packages/torch/cuda/__init__.py:497: UserWarning: Can't initialize NVML
  warnings.warn("Can't initialize NVML")
/u/dssc/msanna00/.conda/envs/deeplearning3/lib/python3.7/site-packages/torch/cuda/__init__.py:497: UserWarning: Can't initialize NVML
  warnings.warn("Can't initialize NVML")
PORT:  42981
WORLD SIZE:  4
MASTER NODE:  gpu001.hpc
My slurm id is:  1
My rank is:  2
PORT:  42981
WORLD SIZE:  4
MASTER NODE:  gpu001.hpc
My slurm id is:  1
My rank is:  3
PORT: PORT:   4298142981

WORLD SIZE:  WORLD SIZE:  4
4
MASTER NODE:  MASTER NODE: gpu001.hpc 
gpu001.hpc
My slurm id is: My slurm id is:   00

My rank is:  My rank is: 0 
1
Some weights of the model checkpoint at bert-base-cased were not used when initializing BertForSequenceClassification: ['cls.seq_relationship.bias', 'cls.predictions.bias', 'cls.predictions.transform.dense.weight', 'cls.predictions.transform.LayerNorm.weight', 'cls.seq_relationship.weight', 'cls.predictions.transform.LayerNorm.bias', 'cls.predictions.decoder.weight', 'cls.predictions.transform.dense.bias']
- This IS expected if you are initializing BertForSequenceClassification from the checkpoint of a model trained on another task or with another architecture (e.g. initializing a BertForSequenceClassification model from a BertForPreTraining model).
- This IS NOT expected if you are initializing BertForSequenceClassification from the checkpoint of a model that you expect to be exactly identical (initializing a BertForSequenceClassification model from a BertForSequenceClassification model).
Some weights of BertForSequenceClassification were not initialized from the model checkpoint at bert-base-cased and are newly initialized: ['classifier.bias', 'classifier.weight']
You should probably TRAIN this model on a down-stream task to be able to use it for predictions and inference.
Some weights of the model checkpoint at bert-base-cased were not used when initializing BertForSequenceClassification: ['cls.predictions.transform.dense.bias', 'cls.predictions.transform.LayerNorm.weight', 'cls.predictions.decoder.weight', 'cls.seq_relationship.weight', 'cls.predictions.transform.LayerNorm.bias', 'cls.predictions.transform.dense.weight', 'cls.seq_relationship.bias', 'cls.predictions.bias']
- This IS expected if you are initializing BertForSequenceClassification from the checkpoint of a model trained on another task or with another architecture (e.g. initializing a BertForSequenceClassification model from a BertForPreTraining model).
- This IS NOT expected if you are initializing BertForSequenceClassification from the checkpoint of a model that you expect to be exactly identical (initializing a BertForSequenceClassification model from a BertForSequenceClassification model).
Some weights of BertForSequenceClassification were not initialized from the model checkpoint at bert-base-cased and are newly initialized: ['classifier.bias', 'classifier.weight']
You should probably TRAIN this model on a down-stream task to be able to use it for predictions and inference.
Some weights of the model checkpoint at bert-base-cased were not used when initializing BertForSequenceClassification: ['cls.predictions.transform.LayerNorm.weight', 'cls.predictions.decoder.weight', 'cls.seq_relationship.weight', 'cls.predictions.transform.dense.weight', 'cls.predictions.transform.dense.bias', 'cls.predictions.bias', 'cls.seq_relationship.bias', 'cls.predictions.transform.LayerNorm.bias']
- This IS expected if you are initializing BertForSequenceClassification from the checkpoint of a model trained on another task or with another architecture (e.g. initializing a BertForSequenceClassification model from a BertForPreTraining model).
- This IS NOT expected if you are initializing BertForSequenceClassification from the checkpoint of a model that you expect to be exactly identical (initializing a BertForSequenceClassification model from a BertForSequenceClassification model).
Some weights of BertForSequenceClassification were not initialized from the model checkpoint at bert-base-cased and are newly initialized: ['classifier.weight', 'classifier.bias']
You should probably TRAIN this model on a down-stream task to be able to use it for predictions and inference.
Some weights of the model checkpoint at bert-base-cased were not used when initializing BertForSequenceClassification: ['cls.seq_relationship.weight', 'cls.predictions.transform.dense.weight', 'cls.seq_relationship.bias', 'cls.predictions.decoder.weight', 'cls.predictions.transform.LayerNorm.bias', 'cls.predictions.bias', 'cls.predictions.transform.LayerNorm.weight', 'cls.predictions.transform.dense.bias']
- This IS expected if you are initializing BertForSequenceClassification from the checkpoint of a model trained on another task or with another architecture (e.g. initializing a BertForSequenceClassification model from a BertForPreTraining model).
- This IS NOT expected if you are initializing BertForSequenceClassification from the checkpoint of a model that you expect to be exactly identical (initializing a BertForSequenceClassification model from a BertForSequenceClassification model).
Some weights of BertForSequenceClassification were not initialized from the model checkpoint at bert-base-cased and are newly initialized: ['classifier.weight', 'classifier.bias']
You should probably TRAIN this model on a down-stream task to be able to use it for predictions and inference.
------------------------

------------------------

------------------------

------------------------

I'm process 2 using GPU 0
I'm process 1 using GPU 1
I'm process 3 using GPU 1
I'm process 0 using GPU 0
Labels:  tensor([0, 4, 2, 3, 0, 1, 2, 2, 3, 2, 2, 4, 4, 1, 1, 2], device='cuda:1')
Labels:  tensor([3, 1, 1, 4, 0, 2, 4, 1, 3, 0, 2, 3, 2, 2, 4, 4], device='cuda:0')
Preds:  tensor([2, 2, 2, 2, 2, 2, 2, 2, 2, 2, 2, 2, 2, 2, 2, 2], device='cuda:1')
Preds:  tensor([2, 2, 2, 2, 2, 2, 2, 2, 2, 2, 2, 2, 2, 2, 2, 2], device='cuda:0')
Outputs:  tensor([[0.2780, 0.1230, 0.3377, 0.1440, 0.1173],
        [0.2299, 0.1286, 0.3475, 0.1398, 0.1542],
        [0.2657, 0.1221, 0.3355, 0.1448, 0.1319],
        [0.2363, 0.1178, 0.3598, 0.1346, 0.1515],
        [0.2562, 0.1250, 0.3367, 0.1449, 0.1371],
        [0.2820, 0.1077, 0.3505, 0.1436, 0.1162],
        [0.2297, 0.1235, 0.3555, 0.1499, 0.1415],
        [0.2535, 0.1124, 0.3627, 0.1425, 0.1289],
        [0.2661, 0.1176, 0.3491, 0.1463, 0.1209],
        [0.2412, 0.1048, 0.3910, 0.1349, 0.1282],
        [0.2672, 0.1209, 0.3431, 0.1486, 0.1202],
        [0.2146, 0.1391, 0.3353, 0.1411, 0.1700],
        [0.2496, 0.1166, 0.3552, 0.1398, 0.1388],
        [0.2575, 0.1090, 0.3606, 0.1393, 0.1336],
        [0.2478, 0.1085, 0.3643, 0.1380, 0.1415],
        [0.2250, 0.1249, 0.3567, 0.1470, 0.1465]], device='cuda:1')
Metric:  tensor(0.3750, device='cuda:1')
------------------------
Outputs:  Labels:  tensor([3, 0, 0, 1, 0, 3, 0, 0, 3, 1, 4, 4, 4, 1, 2, 0], device='cuda:1')
Preds:  tensor([2, 2, 2, 2, 2, 2, 2, 2, 2, 2, 2, 2, 2, 2, 2, 2], device='cuda:1')
Outputs:  tensor([[0.2685, 0.1221, 0.3422, 0.1472, 0.1200],
        [0.2527, 0.1111, 0.3579, 0.1412, 0.1371],
        [0.2648, 0.1257, 0.3188, 0.1528, 0.1380],
        [0.2519, 0.1188, 0.3567, 0.1427, 0.1299],
        [0.2709, 0.1208, 0.3360, 0.1491, 0.1232],
        [0.2820, 0.1253, 0.3224, 0.1468, 0.1235],
        [0.2750, 0.1199, 0.3343, 0.1562, 0.1146],
        [0.2497, 0.1150, 0.3552, 0.1459, 0.1342],
        [0.2484, 0.1167, 0.3541, 0.1514, 0.1295],
        [0.2369, 0.1128, 0.3613, 0.1340, 0.1551],
        [0.2431, 0.1222, 0.3548, 0.1421, 0.1379],
        [0.2564, 0.1071, 0.3698, 0.1457, 0.1210],
        [0.2350, 0.1284, 0.3436, 0.1440, 0.1490],
        [0.2756, 0.1235, 0.3390, 0.1427, 0.1192],
        [0.2550, 0.1225, 0.3494, 0.1518, 0.1214],
        [0.2299, 0.1173, 0.3567, 0.1439, 0.1522]], device='cuda:1')
Metric:  tensor(0.0625, device='cuda:1')
------------------------
Labels:  tensor([2, 2, 1, 1, 1, 4, 4, 4, 3, 2, 0, 3, 3, 4, 0, 3], device='cuda:0')
Preds:  tensor([2, 2, 2, 2, 2, 2, 2, 2, 2, 2, 2, 2, 2, 2, 2, 2], device='cuda:0')
Outputs:  tensor([[0.2289, 0.1178, 0.3776, 0.1260, 0.1497],
        [0.2615, 0.1235, 0.3379, 0.1502, 0.1269],
        [0.2572, 0.1143, 0.3589, 0.1482, 0.1214],
        [0.2572, 0.1098, 0.3544, 0.1461, 0.1325],
        [0.2338, 0.1168, 0.3731, 0.1383, 0.1381],
        [0.2334, 0.1100, 0.3752, 0.1349, 0.1465],
        [0.2300, 0.1203, 0.3608, 0.1345, 0.1545],
        [0.2417, 0.1167, 0.3720, 0.1345, 0.1351],
        [0.2584, 0.1180, 0.3541, 0.1465, 0.1230],
        [0.2405, 0.1051, 0.3775, 0.1460, 0.1309],
        [0.2643, 0.1141, 0.3536, 0.1475, 0.1204],
        [0.2340, 0.1079, 0.3863, 0.1405, 0.1313],
        [0.2402, 0.1185, 0.3565, 0.1474, 0.1373],
        [0.2456, 0.1162, 0.3672, 0.1354, 0.1356],
        [0.2563, 0.1069, 0.3633, 0.1484, 0.1252],
        [0.2474, 0.1137, 0.3686, 0.1438, 0.1264]], device='cuda:0')
Metric:  tensor(0.1875, device='cuda:0')
------------------------
tensor([[0.2754, 0.1240, 0.3274, 0.1494, 0.1239],
        [0.2509, 0.1130, 0.3591, 0.1392, 0.1379],
        [0.2687, 0.1152, 0.3395, 0.1465, 0.1301],
        [0.2434, 0.1170, 0.3642, 0.1415, 0.1339],
        [0.2474, 0.1155, 0.3709, 0.1348, 0.1315],
        [0.2228, 0.1255, 0.3589, 0.1400, 0.1527],
        [0.2357, 0.1216, 0.3633, 0.1388, 0.1407],
        [0.2504, 0.1232, 0.3466, 0.1490, 0.1308],
        [0.2698, 0.1191, 0.3346, 0.1519, 0.1247],
        [0.2298, 0.1204, 0.3661, 0.1472, 0.1364],
        [0.2542, 0.1097, 0.3577, 0.1511, 0.1273],
        [0.2485, 0.1102, 0.3626, 0.1364, 0.1423],
        [0.2583, 0.1231, 0.3414, 0.1457, 0.1315],
        [0.2552, 0.1107, 0.3598, 0.1423, 0.1319],
        [0.2687, 0.1155, 0.3567, 0.1434, 0.1158],
        [0.2498, 0.1261, 0.3561, 0.1338, 0.1343]], device='cuda:0')
Metric:  tensor(0.2500, device='cuda:0')
------------------------
Labels:  tensor([2, 0, 4, 4, 4, 0, 0, 2, 4, 0, 4, 0, 0, 0, 1, 2], device='cuda:1')
Preds:  tensor([2, 2, 2, 2, 2, 2, 2, 2, 2, 2, 2, 2, 2, 2, 2, 2], device='cuda:1')
Outputs:  tensor([[0.2335, 0.1146, 0.3610, 0.1374, 0.1535],
        [0.2707, 0.1197, 0.3317, 0.1531, 0.1247],
        [0.2692, 0.1185, 0.3328, 0.1542, 0.1253],
        [0.2440, 0.1187, 0.3632, 0.1456, 0.1286],
        [0.2527, 0.1208, 0.3586, 0.1393, 0.1287],
        [0.2449, 0.1393, 0.3393, 0.1348, 0.1417],
        [0.2650, 0.1209, 0.3427, 0.1474, 0.1239],
        [0.2558, 0.1166, 0.3579, 0.1423, 0.1275],
        [0.2594, 0.1147, 0.3566, 0.1448, 0.1245],
        [0.2560, 0.1094, 0.3569, 0.1497, 0.1280],
        [0.2572, 0.1098, 0.3732, 0.1409, 0.1189],
        [0.2668, 0.1108, 0.3555, 0.1438, 0.1232],
        [0.2623, 0.1193, 0.3471, 0.1437, 0.1275],
        [0.2394, 0.1148, 0.3652, 0.1434, 0.1372],
        [0.2694, 0.1168, 0.3329, 0.1523, 0.1286],
        [0.2677, 0.1141, 0.3542, 0.1433, 0.1206]], device='cuda:1')
Metric:  tensor(0.1875, device='cuda:1')
------------------------
Labels:  tensor([0, 1, 4, 2, 3, 2, 1, 0, 2, 2, 2, 0, 2, 4, 3, 4], device='cuda:0')
Preds:  tensor([2, 2, 2, 2, 2, 2, 2, 2, 2, 2, 2, 2, 2, 2, 2, 2], device='cuda:0')
Outputs:  tensor([[0.2428, 0.1066, 0.3762, 0.1389, 0.1355],
        [0.2612, 0.1152, 0.3433, 0.1505, 0.1298],
        [0.2328, 0.1228, 0.3468, 0.1373, 0.1602],
        [0.2531, 0.1113, 0.3623, 0.1465, 0.1267],
        [0.2595, 0.1131, 0.3547, 0.1439, 0.1286],
        [0.2453, 0.1230, 0.3509, 0.1469, 0.1339],
        [0.2661, 0.1207, 0.3449, 0.1470, 0.1213],
        [0.2488, 0.1072, 0.3618, 0.1346, 0.1475],
        [0.2692, 0.1134, 0.3463, 0.1529, 0.1182],
        [0.2249, 0.1177, 0.3649, 0.1366, 0.1558],
        [0.2594, 0.1330, 0.3315, 0.1511, 0.1249],
        [0.2510, 0.1131, 0.3570, 0.1440, 0.1348],
        [0.2870, 0.1205, 0.3010, 0.1632, 0.1283],
        [0.2405, 0.1196, 0.3627, 0.1406, 0.1367],
        [0.2722, 0.1183, 0.3424, 0.1484, 0.1186],
        [0.2341, 0.1439, 0.3388, 0.1369, 0.1463]], device='cuda:0')
Metric:  tensor(0.3750, device='cuda:0')
Labels:  tensor([1, 1, 1, 1, 2, 1, 0, 0, 4, 4, 2, 1, 3, 0, 0, 1], device='cuda:0')
------------------------
Preds:  tensor([2, 2, 2, 2, 2, 2, 2, 2, 2, 2, 2, 2, 2, 2, 2, 2], device='cuda:0')
Outputs:  tensor([[0.2663, 0.1085, 0.3541, 0.1471, 0.1240],
        [0.2602, 0.1157, 0.3516, 0.1457, 0.1268],
        [0.2858, 0.1192, 0.3183, 0.1561, 0.1205],
        [0.2736, 0.1289, 0.3208, 0.1535, 0.1231],
        [0.2417, 0.1119, 0.3710, 0.1398, 0.1357],
        [0.2681, 0.1270, 0.3286, 0.1497, 0.1265],
        [0.2866, 0.1230, 0.3244, 0.1484, 0.1176],
        [0.2596, 0.1241, 0.3460, 0.1474, 0.1230],
        [0.2390, 0.1266, 0.3540, 0.1394, 0.1410],
        [0.2373, 0.1332, 0.3382, 0.1346, 0.1566],
        [0.2529, 0.1185, 0.3488, 0.1442, 0.1356],
        [0.2364, 0.1071, 0.3764, 0.1375, 0.1425],
        [0.2661, 0.1274, 0.3366, 0.1458, 0.1241],
        [0.2738, 0.1230, 0.3369, 0.1475, 0.1188],
        [0.2569, 0.1081, 0.3696, 0.1442, 0.1212],
        [0.2524, 0.1171, 0.3463, 0.1418, 0.1424]], device='cuda:0')
Metric:  tensor(0.1250, device='cuda:0')
------------------------
Labels:  tensor([3, 2, 3, 1, 3, 4, 3, 0, 3, 1, 1, 0, 0, 3, 2, 0], device='cuda:1')
Preds:  tensor([2, 2, 2, 2, 2, 2, 2, 2, 2, 2, 2, 2, 2, 2, 2, 2], device='cuda:1')
Outputs:  tensor([[0.2567, 0.1266, 0.3339, 0.1429, 0.1399],
        [0.2555, 0.1133, 0.3626, 0.1470, 0.1216],
        [0.2312, 0.1201, 0.3647, 0.1492, 0.1347],
        [0.2752, 0.1161, 0.3392, 0.1511, 0.1184],
        [0.2671, 0.1182, 0.3455, 0.1467, 0.1224],
        [0.2087, 0.1159, 0.3642, 0.1467, 0.1646],
        [0.2331, 0.1172, 0.3658, 0.1355, 0.1484],
        [0.2667, 0.1166, 0.3445, 0.1439, 0.1282],
        [0.2392, 0.1181, 0.3630, 0.1335, 0.1462],
        [0.2621, 0.1130, 0.3514, 0.1437, 0.1298],
        [0.2689, 0.1181, 0.3404, 0.1495, 0.1231],
        [0.2534, 0.1173, 0.3556, 0.1434, 0.1303],
        [0.2352, 0.1181, 0.3602, 0.1493, 0.1371],
        [0.2631, 0.1115, 0.3582, 0.1438, 0.1234],
        [0.2629, 0.1202, 0.3515, 0.1439, 0.1215],
        [0.2417, 0.1152, 0.3685, 0.1414, 0.1332]], device='cuda:1')
Metric:  tensor(0.1250, device='cuda:1')
------------------------
Labels:  tensor([2, 3, 4, 0, 1, 3, 4, 3, 4, 2, 1, 0, 4, 4, 4, 4], device='cuda:1')
Preds:  tensor([2, 2, 2, 2, 2, 2, 2, 2, 2, 2, 2, 2, 2, 2, 2, 2], device='cuda:1')
Outputs:  tensor([[0.2545, 0.1147, 0.3661, 0.1436, 0.1211],
        [0.2413, 0.1174, 0.3665, 0.1314, 0.1433],
        [0.2610, 0.1296, 0.3416, 0.1448, 0.1231],
        [0.2871, 0.1217, 0.3178, 0.1530, 0.1204],
        [0.2700, 0.1186, 0.3429, 0.1458, 0.1226],
        [0.2726, 0.1207, 0.3377, 0.1472, 0.1218],
        [0.2682, 0.1247, 0.3417, 0.1441, 0.1212],
        [0.2616, 0.1226, 0.3408, 0.1498, 0.1253],
        [0.2961, 0.1177, 0.2986, 0.1683, 0.1193],
        [0.2595, 0.1144, 0.3580, 0.1424, 0.1257],
        [0.2350, 0.1134, 0.3632, 0.1427, 0.1457],
        [0.2626, 0.1220, 0.3409, 0.1438, 0.1308],
        [0.2327, 0.1158, 0.3541, 0.1370, 0.1605],
        [0.2106, 0.1205, 0.3748, 0.1406, 0.1535],
        [0.2436, 0.1216, 0.3658, 0.1386, 0.1304],
        [0.2776, 0.1211, 0.3307, 0.1499, 0.1207]], device='cuda:1')
Metric:  tensor(0.1250, device='cuda:1')
------------------------
Labels:  tensor([3, 3, 3, 2, 1, 3, 1, 1, 2, 2, 0, 3, 3, 4, 4, 2], device='cuda:0')
Preds:  tensor([2, 2, 2, 2, 2, 2, 2, 2, 2, 2, 2, 2, 2, 2, 2, 2], device='cuda:0')
Outputs:  tensor([[0.2730, 0.1230, 0.3333, 0.1503, 0.1203],
        [0.2716, 0.1126, 0.3566, 0.1429, 0.1163],
        [0.2319, 0.1114, 0.3725, 0.1411, 0.1431],
        [0.2567, 0.1129, 0.3571, 0.1395, 0.1337],
        [0.2414, 0.1038, 0.3703, 0.1394, 0.1452],
        [0.2250, 0.1284, 0.3522, 0.1442, 0.1502],
        [0.2700, 0.1163, 0.3454, 0.1481, 0.1203],
        [0.2406, 0.1201, 0.3639, 0.1396, 0.1358],
        [0.2468, 0.1068, 0.3746, 0.1375, 0.1343],
        [0.2658, 0.1358, 0.3107, 0.1595, 0.1282],
        [0.2528, 0.1319, 0.3361, 0.1415, 0.1377],
        [0.2363, 0.1181, 0.3547, 0.1388, 0.1520],
        [0.2492, 0.1201, 0.3545, 0.1450, 0.1314],
        [0.2321, 0.1091, 0.3729, 0.1390, 0.1468],
        [0.2454, 0.1200, 0.3592, 0.1458, 0.1297],
        [0.2527, 0.1115, 0.3628, 0.1400, 0.1330]], device='cuda:0')
Metric:  tensor(0.2500, device='cuda:0')
Labels:  tensor([4, 0, 4, 0, 4, 1, 1, 3, 0, 4, 4, 3, 0, 2, 3, 0], device='cuda:0')
------------------------
Preds:  tensor([2, 2, 2, 2, 2, 2, 2, 2, 2, 2, 2, 2, 2, 2, 2, 2], device='cuda:0')
Outputs:  tensor([[0.2251, 0.1181, 0.3685, 0.1395, 0.1489],
        [0.2503, 0.1232, 0.3482, 0.1509, 0.1274],
        [0.2351, 0.1182, 0.3647, 0.1389, 0.1432],
        [0.2392, 0.1220, 0.3577, 0.1439, 0.1372],
        [0.2570, 0.1197, 0.3482, 0.1472, 0.1278],
        [0.2553, 0.1217, 0.3491, 0.1422, 0.1318],
        [0.2223, 0.1243, 0.3467, 0.1472, 0.1595],
        [0.2384, 0.1245, 0.3644, 0.1337, 0.1390],
        [0.2592, 0.1300, 0.3422, 0.1362, 0.1325],
        [0.2790, 0.1230, 0.3358, 0.1434, 0.1187],
        [0.2516, 0.1201, 0.3556, 0.1441, 0.1287],
        [0.2730, 0.1157, 0.3364, 0.1491, 0.1258],
        [0.2461, 0.1106, 0.3680, 0.1462, 0.1291],
        [0.2482, 0.1142, 0.3562, 0.1454, 0.1360],
        [0.2400, 0.1079, 0.3695, 0.1376, 0.1451],
        [0.2835, 0.1233, 0.2973, 0.1730, 0.1229]], device='cuda:0')
Metric:  tensor(0.0625, device='cuda:0')
------------------------
Labels:  tensor([3, 2, 3, 2, 3, 0, 2, 4, 1, 1, 1, 1, 0, 0, 0, 0], device='cuda:1')
Preds:  tensor([2, 2, 2, 2, 2, 2, 2, 2, 2, 2, 2, 2, 2, 2, 2, 2], device='cuda:1')
Outputs:  tensor([[0.2676, 0.1120, 0.3548, 0.1450, 0.1206],
        [0.2676, 0.1114, 0.3525, 0.1479, 0.1206],
        [0.2657, 0.1114, 0.3562, 0.1461, 0.1206],
        [0.2399, 0.1133, 0.3680, 0.1395, 0.1393],
        [0.2291, 0.1100, 0.3757, 0.1388, 0.1464],
        [0.2635, 0.1188, 0.3453, 0.1514, 0.1210],
        [0.2677, 0.1267, 0.3295, 0.1458, 0.1304],
        [0.2457, 0.1265, 0.3517, 0.1404, 0.1356],
        [0.2422, 0.1143, 0.3691, 0.1368, 0.1376],
        [0.2544, 0.1166, 0.3566, 0.1429, 0.1295],
        [0.2563, 0.1205, 0.3418, 0.1453, 0.1360],
        [0.2756, 0.1211, 0.3018, 0.1758, 0.1257],
        [0.2325, 0.1309, 0.3490, 0.1424, 0.1452],
        [0.2781, 0.1157, 0.3368, 0.1496, 0.1197],
        [0.2571, 0.1147, 0.3502, 0.1391, 0.1390],
        [0.2647, 0.1222, 0.3531, 0.1440, 0.1160]], device='cuda:1')
Metric:  tensor(0.1875, device='cuda:1')
------------------------
Labels:  tensor([4, 4, 4, 2, 3, 2, 4, 1, 2, 1, 1, 2, 0, 1, 0, 1], device='cuda:1')
Preds:  tensor([2, 2, 2, 2, 2, 2, 2, 2, 2, 2, 2, 2, 2, 2, 2, 2], device='cuda:1')
Outputs:  tensor([[0.2597, 0.1245, 0.3354, 0.1555, 0.1249],
        [0.2444, 0.1245, 0.3572, 0.1418, 0.1321],
        [0.2396, 0.1131, 0.3669, 0.1370, 0.1433],
        [0.2344, 0.1157, 0.3793, 0.1391, 0.1316],
        [0.2666, 0.1249, 0.3402, 0.1465, 0.1218],
        [0.2482, 0.1092, 0.3725, 0.1371, 0.1331],
        [0.2465, 0.1242, 0.3513, 0.1400, 0.1379],
        [0.2531, 0.1169, 0.3538, 0.1443, 0.1318],
        [0.2422, 0.1116, 0.3741, 0.1448, 0.1272],
        [0.2691, 0.1159, 0.3481, 0.1518, 0.1150],
        [0.2522, 0.1059, 0.3732, 0.1364, 0.1323],
        [0.2500, 0.1158, 0.3597, 0.1487, 0.1257],
        [0.2693, 0.1150, 0.3487, 0.1442, 0.1228],
        [0.2604, 0.1193, 0.3477, 0.1484, 0.1243],
        [0.2563, 0.1119, 0.3607, 0.1450, 0.1261],
        [0.2528, 0.1288, 0.3306, 0.1542, 0.1337]], device='cuda:1')
Metric:  tensor(0.2500, device='cuda:1')
------------------------
Labels:  tensor([4, 1, 1, 0, 0, 1, 2, 4, 2, 4, 4, 1, 0, 1, 2, 1], device='cuda:0')
Preds:  tensor([2, 2, 2, 2, 2, 2, 2, 2, 2, 2, 2, 2, 2, 2, 2, 2], device='cuda:0')
Outputs:  tensor([[0.2383, 0.1107, 0.3798, 0.1435, 0.1276],
        [0.2548, 0.1065, 0.3667, 0.1404, 0.1317],
        [0.2739, 0.1088, 0.3514, 0.1471, 0.1188],
        [0.2403, 0.1212, 0.3524, 0.1434, 0.1427],
        [0.2439, 0.1169, 0.3498, 0.1475, 0.1419],
        [0.2465, 0.1075, 0.3587, 0.1423, 0.1448],
        [0.2601, 0.1127, 0.3535, 0.1468, 0.1268],
        [0.2560, 0.1119, 0.3666, 0.1447, 0.1208],
        [0.2549, 0.1146, 0.3512, 0.1495, 0.1298],
        [0.2429, 0.1179, 0.3681, 0.1465, 0.1245],
        [0.2432, 0.1456, 0.3464, 0.1428, 0.1219],
        [0.2321, 0.1150, 0.3537, 0.1438, 0.1554],
        [0.2591, 0.1162, 0.3615, 0.1460, 0.1173],
        [0.2466, 0.1151, 0.3617, 0.1437, 0.1328],
        [0.2512, 0.1124, 0.3688, 0.1452, 0.1223],
        [0.2356, 0.1216, 0.3568, 0.1516, 0.1344]], device='cuda:0')
Metric:  tensor(0.1875, device='cuda:0')
Labels:  tensor([2, 0, 1, 3, 4, 2, 0, 0, 2, 1, 0, 1, 1, 2, 3, 4], device='cuda:0')
------------------------
Preds:  tensor([2, 2, 2, 2, 2, 2, 2, 2, 2, 2, 2, 2, 2, 2, 2, 2], device='cuda:0')
Outputs:  tensor([[0.2421, 0.1234, 0.3494, 0.1493, 0.1359],
        [0.2841, 0.1194, 0.3338, 0.1427, 0.1199],
        [0.2413, 0.1138, 0.3681, 0.1388, 0.1378],
        [0.2609, 0.1156, 0.3562, 0.1423, 0.1250],
        [0.2847, 0.1233, 0.3106, 0.1567, 0.1247],
        [0.2728, 0.1194, 0.3375, 0.1503, 0.1201],
        [0.2663, 0.1188, 0.3489, 0.1454, 0.1206],
        [0.2637, 0.1163, 0.3438, 0.1491, 0.1271],
        [0.2541, 0.1159, 0.3619, 0.1473, 0.1207],
        [0.2643, 0.1159, 0.3412, 0.1489, 0.1296],
        [0.2508, 0.1180, 0.3441, 0.1427, 0.1444],
        [0.2500, 0.1111, 0.3709, 0.1396, 0.1284],
        [0.2624, 0.1202, 0.3515, 0.1486, 0.1173],
        [0.2739, 0.1313, 0.3120, 0.1546, 0.1283],
        [0.2522, 0.1112, 0.3680, 0.1411, 0.1274],
        [0.2781, 0.1176, 0.3259, 0.1582, 0.1202]], device='cuda:0')
Metric:  tensor(0.2500, device='cuda:0')
------------------------
Labels:  tensor([1, 1, 2, 1, 1, 4, 1, 4, 4, 1, 3, 2, 4, 3, 3, 4], device='cuda:1')
Preds:  tensor([2, 2, 2, 2, 2, 2, 2, 2, 2, 2, 2, 2, 2, 2, 2, 2], device='cuda:1')
Outputs:  tensor([[0.2501, 0.1234, 0.3535, 0.1386, 0.1344],
        [0.2517, 0.1102, 0.3684, 0.1412, 0.1285],
        [0.2401, 0.1259, 0.3533, 0.1427, 0.1380],
        [0.2678, 0.1201, 0.3465, 0.1472, 0.1184],
        [0.2644, 0.1224, 0.3422, 0.1428, 0.1281],
        [0.2671, 0.1280, 0.3374, 0.1435, 0.1239],
        [0.2642, 0.1167, 0.3500, 0.1482, 0.1208],
        [0.2598, 0.1249, 0.3415, 0.1480, 0.1259],
        [0.2618, 0.1169, 0.3556, 0.1423, 0.1235],
        [0.2531, 0.1202, 0.3490, 0.1498, 0.1278],
        [0.2613, 0.1154, 0.3565, 0.1454, 0.1214],
        [0.2989, 0.1157, 0.3050, 0.1606, 0.1198],
        [0.2586, 0.1220, 0.3447, 0.1440, 0.1308],
        [0.2515, 0.1253, 0.3468, 0.1370, 0.1393],
        [0.2413, 0.1221, 0.3473, 0.1433, 0.1460],
        [0.2358, 0.1125, 0.3622, 0.1386, 0.1509]], device='cuda:1')
Metric:  tensor(0.1250, device='cuda:1')
------------------------
Labels:  tensor([4, 4, 2, 0, 0, 4, 4, 1, 4, 2, 0, 1, 1, 2, 2, 1], device='cuda:1')
Preds:  tensor([2, 2, 2, 2, 2, 2, 2, 2, 2, 2, 2, 2, 2, 2, 2, 2], device='cuda:1')
Outputs:  tensor([[0.2452, 0.1165, 0.3641, 0.1422, 0.1320],
        [0.2366, 0.1167, 0.3699, 0.1382, 0.1386],
        [0.2323, 0.1204, 0.3709, 0.1418, 0.1345],
        [0.2527, 0.1122, 0.3611, 0.1426, 0.1315],
        [0.2424, 0.1189, 0.3524, 0.1513, 0.1350],
        [0.2503, 0.1148, 0.3672, 0.1424, 0.1253],
        [0.2270, 0.1204, 0.3746, 0.1351, 0.1429],
        [0.2501, 0.1174, 0.3561, 0.1477, 0.1288],
        [0.2243, 0.1150, 0.3800, 0.1390, 0.1418],
        [0.2727, 0.1197, 0.3457, 0.1428, 0.1191],
        [0.2422, 0.1062, 0.3797, 0.1373, 0.1346],
        [0.2591, 0.1213, 0.3370, 0.1537, 0.1289],
        [0.2529, 0.1168, 0.3556, 0.1449, 0.1297],
        [0.2760, 0.1186, 0.3209, 0.1590, 0.1255],
        [0.2570, 0.1140, 0.3612, 0.1466, 0.1211],
        [0.2499, 0.1248, 0.3434, 0.1408, 0.1411]], device='cuda:1')
Metric:  tensor(0.2500, device='cuda:1')
------------------------
Mean loss[1.7025418811568171] | Mean metric[0.1977489019033675]
Stupid loss[0.0] | Naive soulution metric[0.2]
Freezed:  module.bert.embeddings.word_embeddings.weight
Freezed:  module.bert.embeddings.position_embeddings.weight
Freezed:  module.bert.embeddings.token_type_embeddings.weight
Freezed:  module.bert.embeddings.LayerNorm.weight
Freezed:  module.bert.embeddings.LayerNorm.bias
Freezed:  module.bert.encoder.layer.0.attention.self.query.weight
Freezed:  module.bert.encoder.layer.0.attention.self.query.bias
Freezed:  module.bert.encoder.layer.0.attention.self.key.weight
Freezed:  module.bert.encoder.layer.0.attention.self.key.bias
Freezed:  module.bert.encoder.layer.0.attention.self.value.weight
Freezed:  module.bert.encoder.layer.0.attention.self.value.bias
Freezed:  module.bert.encoder.layer.0.attention.output.dense.weight
Freezed:  module.bert.encoder.layer.0.attention.output.dense.bias
Freezed:  module.bert.encoder.layer.0.attention.output.LayerNorm.weight
Freezed:  module.bert.encoder.layer.0.attention.output.LayerNorm.bias
Freezed:  module.bert.encoder.layer.0.intermediate.dense.weight
Freezed:  module.bert.encoder.layer.0.intermediate.dense.bias
Freezed:  module.bert.encoder.layer.0.output.dense.weight
Freezed:  module.bert.encoder.layer.0.output.dense.bias
Freezed:  module.bert.encoder.layer.0.output.LayerNorm.weight
Freezed:  module.bert.encoder.layer.0.output.LayerNorm.bias
Freezed:  module.bert.encoder.layer.1.attention.self.query.weight
Freezed:  module.bert.encoder.layer.1.attention.self.query.bias
Freezed:  module.bert.encoder.layer.1.attention.self.key.weight
Freezed:  module.bert.encoder.layer.1.attention.self.key.bias
Freezed:  module.bert.encoder.layer.1.attention.self.value.weight
Freezed:  module.bert.encoder.layer.1.attention.self.value.bias
Freezed:  module.bert.encoder.layer.1.attention.output.dense.weight
Freezed:  module.bert.encoder.layer.1.attention.output.dense.bias
Freezed:  module.bert.encoder.layer.1.attention.output.LayerNorm.weight
Freezed:  module.bert.encoder.layer.1.attention.output.LayerNorm.bias
Freezed:  module.bert.encoder.layer.1.intermediate.dense.weight
Freezed:  module.bert.encoder.layer.1.intermediate.dense.bias
Freezed:  module.bert.encoder.layer.1.output.dense.weight
Freezed:  module.bert.encoder.layer.1.output.dense.bias
Freezed:  module.bert.encoder.layer.1.output.LayerNorm.weight
Freezed:  module.bert.encoder.layer.1.output.LayerNorm.bias
Freezed:  module.bert.encoder.layer.2.attention.self.query.weight
Freezed:  module.bert.encoder.layer.2.attention.self.query.bias
Freezed:  module.bert.encoder.layer.2.attention.self.key.weight
Freezed:  module.bert.encoder.layer.2.attention.self.key.bias
Freezed:  module.bert.encoder.layer.2.attention.self.value.weight
Freezed:  module.bert.encoder.layer.2.attention.self.value.bias
Freezed:  module.bert.encoder.layer.2.attention.output.dense.weight
Freezed:  module.bert.encoder.layer.2.attention.output.dense.bias
Freezed:  module.bert.encoder.layer.2.attention.output.LayerNorm.weight
Freezed:  module.bert.encoder.layer.2.attention.output.LayerNorm.bias
Freezed:  module.bert.encoder.layer.2.intermediate.dense.weight
Freezed:  module.bert.encoder.layer.2.intermediate.dense.bias
Freezed:  module.bert.encoder.layer.2.output.dense.weight
Freezed:  module.bert.encoder.layer.2.output.dense.bias
Freezed:  module.bert.encoder.layer.2.output.LayerNorm.weight
Freezed:  module.bert.encoder.layer.2.output.LayerNorm.bias
Freezed:  module.bert.encoder.layer.3.attention.self.query.weight
Freezed:  module.bert.encoder.layer.3.attention.self.query.bias
Freezed:  module.bert.encoder.layer.3.attention.self.key.weight
Freezed:  module.bert.encoder.layer.3.attention.self.key.bias
Freezed:  module.bert.encoder.layer.3.attention.self.value.weight
Freezed:  module.bert.encoder.layer.3.attention.self.value.bias
Freezed:  module.bert.encoder.layer.3.attention.output.dense.weight
Freezed:  module.bert.encoder.layer.3.attention.output.dense.bias
Freezed:  module.bert.encoder.layer.3.attention.output.LayerNorm.weight
Freezed:  module.bert.encoder.layer.3.attention.output.LayerNorm.bias
Freezed:  module.bert.encoder.layer.3.intermediate.dense.weight
Freezed:  module.bert.encoder.layer.3.intermediate.dense.bias
Freezed:  module.bert.encoder.layer.3.output.dense.weight
Freezed:  module.bert.encoder.layer.3.output.dense.bias
Freezed:  module.bert.encoder.layer.3.output.LayerNorm.weight
Freezed:  module.bert.encoder.layer.3.output.LayerNorm.bias
Freezed:  module.bert.encoder.layer.4.attention.self.query.weight
Freezed:  module.bert.encoder.layer.4.attention.self.query.bias
Freezed:  module.bert.encoder.layer.4.attention.self.key.weight
Freezed:  module.bert.encoder.layer.4.attention.self.key.bias
Freezed:  module.bert.encoder.layer.4.attention.self.value.weight
Freezed:  module.bert.encoder.layer.4.attention.self.value.bias
Freezed:  module.bert.encoder.layer.4.attention.output.dense.weight
Freezed:  module.bert.encoder.layer.4.attention.output.dense.bias
Freezed:  module.bert.encoder.layer.4.attention.output.LayerNorm.weight
Freezed:  module.bert.encoder.layer.4.attention.output.LayerNorm.bias
Freezed:  module.bert.encoder.layer.4.intermediate.dense.weight
Freezed:  module.bert.encoder.layer.4.intermediate.dense.bias
Freezed:  module.bert.encoder.layer.4.output.dense.weight
Freezed:  module.bert.encoder.layer.4.output.dense.bias
Freezed:  module.bert.encoder.layer.4.output.LayerNorm.weight
Freezed:  module.bert.encoder.layer.4.output.LayerNorm.bias
Freezed:  module.bert.encoder.layer.5.attention.self.query.weight
Freezed:  module.bert.encoder.layer.5.attention.self.query.bias
Freezed:  module.bert.encoder.layer.5.attention.self.key.weight
Freezed:  module.bert.encoder.layer.5.attention.self.key.bias
Freezed:  module.bert.encoder.layer.5.attention.self.value.weight
Freezed:  module.bert.encoder.layer.5.attention.self.value.bias
Freezed:  module.bert.encoder.layer.5.attention.output.dense.weight
Freezed:  module.bert.encoder.layer.5.attention.output.dense.bias
Freezed:  module.bert.encoder.layer.5.attention.output.LayerNorm.weight
Freezed:  module.bert.encoder.layer.5.attention.output.LayerNorm.bias
Freezed:  module.bert.encoder.layer.5.intermediate.dense.weight
Freezed:  module.bert.encoder.layer.5.intermediate.dense.bias
Freezed:  module.bert.encoder.layer.5.output.dense.weight
Freezed:  module.bert.encoder.layer.5.output.dense.bias
Freezed:  module.bert.encoder.layer.5.output.LayerNorm.weight
Freezed:  module.bert.encoder.layer.5.output.LayerNorm.bias
EPOCH 0
--------------
Labels:  tensor([1, 1, 2, 4, 2, 4, 0, 2, 3, 2, 0, 1, 1, 3, 2, 0], device='cuda:0')
Preds:  tensor([2, 2, 2, 2, 2, 2, 2, 2, 2, 2, 2, 2, 2, 2, 2, 2], device='cuda:0')
Outputs:  tensor([[0.2692, 0.1240, 0.3317, 0.1478, 0.1272],
        [0.2573, 0.1145, 0.3540, 0.1462, 0.1279],
        [0.2450, 0.1188, 0.3583, 0.1436, 0.1343],
        [0.2275, 0.1328, 0.3486, 0.1404, 0.1507],
        [0.2480, 0.1183, 0.3631, 0.1497, 0.1208],
        [0.2187, 0.1178, 0.3655, 0.1461, 0.1518],
        [0.2463, 0.1080, 0.3706, 0.1435, 0.1315],
        [0.2431, 0.1158, 0.3586, 0.1519, 0.1306],
        [0.2427, 0.1047, 0.3803, 0.1374, 0.1348],
        [0.2728, 0.1239, 0.3389, 0.1445, 0.1198],
        [0.2533, 0.1180, 0.3509, 0.1524, 0.1254],
        [0.2396, 0.1155, 0.3667, 0.1377, 0.1405],
        [0.2424, 0.1304, 0.3561, 0.1390, 0.1320],
        [0.2458, 0.1184, 0.3594, 0.1395, 0.1369],
        [0.2550, 0.1143, 0.3614, 0.1390, 0.1304],
        [0.2531, 0.1092, 0.3661, 0.1497, 0.1219]], device='cuda:0')
Metric:  tensor(0.3125, device='cuda:0')
------------------------
Mean loss[1.6973875142586645] | Mean metric[0.20220229380185456]
Stupid loss[0.0] | Naive soulution metric[0.2]
Freezed:  module.bert.embeddings.word_embeddings.weight
Freezed:  module.bert.embeddings.position_embeddings.weight
Freezed:  module.bert.embeddings.token_type_embeddings.weight
Freezed:  module.bert.embeddings.LayerNorm.weight
Freezed:  module.bert.embeddings.LayerNorm.bias
Labels:  tensor([4, 2, 2, 0, 0, 3, 3, 0, 0, 0, 0, 1, 4, 2, 0, 4], device='cuda:0')
Freezed:  module.bert.encoder.layer.0.attention.self.query.weight
Preds:  tensor([2, 2, 2, 2, 2, 2, 2, 2, 2, 2, 2, 2, 2, 2, 2, 2], device='cuda:0')
Freezed:  module.bert.encoder.layer.0.attention.self.query.bias
Outputs:  tensor([[0.2677, 0.1187, 0.3451, 0.1422, 0.1264],
        [0.2486, 0.1205, 0.3554, 0.1333, 0.1423],
        [0.2480, 0.1158, 0.3544, 0.1457, 0.1360],
        [0.2488, 0.1126, 0.3542, 0.1477, 0.1367],
        [0.2490, 0.1126, 0.3715, 0.1337, 0.1332],
        [0.2470, 0.1202, 0.3529, 0.1433, 0.1366],
        [0.2424, 0.1099, 0.3651, 0.1311, 0.1516],
        [0.2374, 0.1272, 0.3600, 0.1313, 0.1441],
        [0.2352, 0.1173, 0.3774, 0.1386, 0.1315],
        [0.2388, 0.1198, 0.3566, 0.1387, 0.1461],
        [0.2809, 0.1238, 0.3263, 0.1486, 0.1205],
        [0.2299, 0.1160, 0.3599, 0.1501, 0.1440],
        [0.2796, 0.1213, 0.3203, 0.1559, 0.1230],
        [0.2605, 0.1265, 0.3383, 0.1517, 0.1230],
        [0.2552, 0.1158, 0.3579, 0.1407, 0.1303],
        [0.2362, 0.1134, 0.3821, 0.1314, 0.1369]], device='cuda:0')
Freezed:  module.bert.encoder.layer.0.attention.self.key.weight
Freezed:  module.bert.encoder.layer.0.attention.self.key.bias
Metric:  tensor(0.1875, device='cuda:0')
------------------------
Freezed:  module.bert.encoder.layer.0.attention.self.value.weight
Freezed:  module.bert.encoder.layer.0.attention.self.value.bias
Freezed:  module.bert.encoder.layer.0.attention.output.dense.weight
Mean loss[1.7053246446910169] | Mean metric[0.1977794045876037]
Freezed:  module.bert.encoder.layer.0.attention.output.dense.bias
Stupid loss[0.0] | Naive soulution metric[0.2]
Freezed:  module.bert.encoder.layer.0.attention.output.LayerNorm.weight
Freezed:  module.bert.embeddings.word_embeddings.weight
Freezed:  module.bert.encoder.layer.0.attention.output.LayerNorm.bias
Freezed:  module.bert.embeddings.position_embeddings.weight
Freezed:  module.bert.encoder.layer.0.intermediate.dense.weight
Freezed:  module.bert.embeddings.token_type_embeddings.weight
Freezed:  module.bert.encoder.layer.0.intermediate.dense.bias
Freezed:  module.bert.embeddings.LayerNorm.weight
Freezed:  module.bert.encoder.layer.0.output.dense.weight
Freezed:  module.bert.embeddings.LayerNorm.bias
Freezed:  module.bert.encoder.layer.0.output.dense.bias
Freezed:  module.bert.encoder.layer.0.attention.self.query.weight
Freezed:  module.bert.encoder.layer.0.output.LayerNorm.weight
Freezed:  module.bert.encoder.layer.0.attention.self.query.bias
Freezed:  module.bert.encoder.layer.0.output.LayerNorm.bias
Freezed:  module.bert.encoder.layer.0.attention.self.key.weight
Freezed:  module.bert.encoder.layer.1.attention.self.query.weight
Freezed:  module.bert.encoder.layer.0.attention.self.key.bias
Freezed:  module.bert.encoder.layer.1.attention.self.query.bias
Freezed:  module.bert.encoder.layer.0.attention.self.value.weight
Freezed:  module.bert.encoder.layer.1.attention.self.key.weight
Freezed:  module.bert.encoder.layer.0.attention.self.value.bias
Freezed:  module.bert.encoder.layer.1.attention.self.key.bias
Freezed:  module.bert.encoder.layer.0.attention.output.dense.weight
Freezed:  module.bert.encoder.layer.1.attention.self.value.weight
Freezed:  module.bert.encoder.layer.0.attention.output.dense.bias
Freezed:  module.bert.encoder.layer.1.attention.self.value.bias
Freezed:  module.bert.encoder.layer.0.attention.output.LayerNorm.weight
Freezed:  module.bert.encoder.layer.1.attention.output.dense.weight
Freezed:  module.bert.encoder.layer.0.attention.output.LayerNorm.bias
Freezed:  module.bert.encoder.layer.1.attention.output.dense.bias
Freezed:  module.bert.encoder.layer.0.intermediate.dense.weight
Freezed:  module.bert.encoder.layer.1.attention.output.LayerNorm.weight
Freezed:  module.bert.encoder.layer.1.attention.output.LayerNorm.bias
Freezed:  module.bert.encoder.layer.0.intermediate.dense.bias
Freezed:  module.bert.encoder.layer.1.intermediate.dense.weight
Freezed:  module.bert.encoder.layer.0.output.dense.weight
Freezed:  module.bert.encoder.layer.1.intermediate.dense.bias
Freezed:  module.bert.encoder.layer.0.output.dense.bias
Freezed:  module.bert.encoder.layer.1.output.dense.weight
Freezed:  module.bert.encoder.layer.0.output.LayerNorm.weight
Freezed:  module.bert.encoder.layer.1.output.dense.bias
Freezed:  module.bert.encoder.layer.0.output.LayerNorm.bias
Freezed:  module.bert.encoder.layer.1.output.LayerNorm.weight
Freezed:  module.bert.encoder.layer.1.attention.self.query.weight
