Node IP: 10.128.2.151
WARNING:torch.distributed.run:
*****************************************
Setting OMP_NUM_THREADS environment variable for each process to be 1 in default, to avoid your system being overloaded, please further tune the variable for optimal performance in your application as needed. 
*****************************************
WARNING:torch.distributed.run:
*****************************************
Setting OMP_NUM_THREADS environment variable for each process to be 1 in default, to avoid your system being overloaded, please further tune the variable for optimal performance in your application as needed. 
*****************************************
INFO:torch.distributed.launcher.api:Starting elastic_operator with launch configs:
  entrypoint       : train.py
  min_nodes        : 2
  max_nodes        : 2
  nproc_per_node   : 2
  run_id           : 32492
  rdzv_backend     : c10d
  rdzv_endpoint    : 10.128.2.151:29500
  rdzv_configs     : {'timeout': 900}
  max_restarts     : 0
  monitor_interval : 5
  log_dir          : None
  metrics_cfg      : {}

INFO:torch.distributed.launcher.api:Starting elastic_operator with launch configs:
  entrypoint       : train.py
  min_nodes        : 2
  max_nodes        : 2
  nproc_per_node   : 2
  run_id           : 32492
  rdzv_backend     : c10d
  rdzv_endpoint    : 10.128.2.151:29500
  rdzv_configs     : {'timeout': 900}
  max_restarts     : 0
  monitor_interval : 5
  log_dir          : None
  metrics_cfg      : {}

INFO:torch.distributed.elastic.agent.server.local_elastic_agent:log directory set to: /tmp/torchelastic_2rs75yau/32492_77zkoyoq
INFO:torch.distributed.elastic.agent.server.local_elastic_agent:log directory set to: /tmp/torchelastic_yt1hljq_/32492_zjqi0fwd
INFO:torch.distributed.elastic.agent.server.api:[default] starting workers for entrypoint: python
INFO:torch.distributed.elastic.agent.server.api:[default] starting workers for entrypoint: python
INFO:torch.distributed.elastic.agent.server.api:[default] Rendezvous'ing worker group
INFO:torch.distributed.elastic.agent.server.api:[default] Rendezvous'ing worker group
INFO:torch.distributed.elastic.agent.server.api:[default] Rendezvous complete for workers. Result:
  restart_count=0
  master_addr=gpu001.hpc
  master_port=34475
  group_rank=0
  group_world_size=2
  local_ranks=[0, 1]
  role_ranks=[0, 1]
  global_ranks=[0, 1]
  role_world_sizes=[4, 4]
  global_world_sizes=[4, 4]

INFO:torch.distributed.elastic.agent.server.api:[default] Starting worker group
INFO:torch.distributed.elastic.agent.server.api:[default] Rendezvous complete for workers. Result:
  restart_count=0
  master_addr=gpu001.hpc
  master_port=34475
  group_rank=1
  group_world_size=2
  local_ranks=[0, 1]
  role_ranks=[2, 3]
  global_ranks=[2, 3]
  role_world_sizes=[4, 4]
  global_world_sizes=[4, 4]

INFO:torch.distributed.elastic.agent.server.local_elastic_agent:Environment variable 'TORCHELASTIC_ENABLE_FILE_TIMER' not found. Do not start FileTimerServer.
INFO:torch.distributed.elastic.agent.server.api:[default] Starting worker group
INFO:torch.distributed.elastic.multiprocessing:Setting worker0 reply file to: /tmp/torchelastic_2rs75yau/32492_77zkoyoq/attempt_0/0/error.json
INFO:torch.distributed.elastic.agent.server.local_elastic_agent:Environment variable 'TORCHELASTIC_ENABLE_FILE_TIMER' not found. Do not start FileTimerServer.
INFO:torch.distributed.elastic.multiprocessing:Setting worker1 reply file to: /tmp/torchelastic_2rs75yau/32492_77zkoyoq/attempt_0/1/error.json
INFO:torch.distributed.elastic.multiprocessing:Setting worker0 reply file to: /tmp/torchelastic_yt1hljq_/32492_zjqi0fwd/attempt_0/0/error.json
INFO:torch.distributed.elastic.multiprocessing:Setting worker1 reply file to: /tmp/torchelastic_yt1hljq_/32492_zjqi0fwd/attempt_0/1/error.json
/u/dssc/msanna00/.conda/envs/deeplearning3/lib/python3.7/site-packages/torch/cuda/__init__.py:497: UserWarning: Can't initialize NVML
  warnings.warn("Can't initialize NVML")
/u/dssc/msanna00/.conda/envs/deeplearning3/lib/python3.7/site-packages/torch/cuda/__init__.py:497: UserWarning: Can't initialize NVML
  warnings.warn("Can't initialize NVML")
PORT:  34475
WORLD SIZE:  4
MASTER NODE:  gpu001.hpc
My slurm id is:  0
PORT: My rank is:   344750

WORLD SIZE:  4
MASTER NODE:  gpu001.hpc
My slurm id is:  0
My rank is:  1
PORT:  34475
WORLD SIZE:  4
MASTER NODE:  gpu001.hpc
My slurm id is:  1
PORT:  34475
My rank is:  3WORLD SIZE: 
 4
MASTER NODE:  gpu001.hpc
My slurm id is:  1
My rank is:  2
Some weights of the model checkpoint at bert-base-cased were not used when initializing BertForSequenceClassification: ['cls.predictions.decoder.weight', 'cls.predictions.transform.dense.weight', 'cls.seq_relationship.weight', 'cls.predictions.transform.LayerNorm.bias', 'cls.predictions.transform.dense.bias', 'cls.predictions.bias', 'cls.predictions.transform.LayerNorm.weight', 'cls.seq_relationship.bias']
- This IS expected if you are initializing BertForSequenceClassification from the checkpoint of a model trained on another task or with another architecture (e.g. initializing a BertForSequenceClassification model from a BertForPreTraining model).
- This IS NOT expected if you are initializing BertForSequenceClassification from the checkpoint of a model that you expect to be exactly identical (initializing a BertForSequenceClassification model from a BertForSequenceClassification model).
Some weights of the model checkpoint at bert-base-cased were not used when initializing BertForSequenceClassification: ['cls.predictions.transform.dense.weight', 'cls.seq_relationship.bias', 'cls.seq_relationship.weight', 'cls.predictions.decoder.weight', 'cls.predictions.transform.dense.bias', 'cls.predictions.transform.LayerNorm.weight', 'cls.predictions.transform.LayerNorm.bias', 'cls.predictions.bias']
- This IS expected if you are initializing BertForSequenceClassification from the checkpoint of a model trained on another task or with another architecture (e.g. initializing a BertForSequenceClassification model from a BertForPreTraining model).
- This IS NOT expected if you are initializing BertForSequenceClassification from the checkpoint of a model that you expect to be exactly identical (initializing a BertForSequenceClassification model from a BertForSequenceClassification model).
Some weights of BertForSequenceClassification were not initialized from the model checkpoint at bert-base-cased and are newly initialized: ['classifier.weight', 'classifier.bias']
You should probably TRAIN this model on a down-stream task to be able to use it for predictions and inference.
Some weights of BertForSequenceClassification were not initialized from the model checkpoint at bert-base-cased and are newly initialized: ['classifier.bias', 'classifier.weight']
You should probably TRAIN this model on a down-stream task to be able to use it for predictions and inference.
Some weights of the model checkpoint at bert-base-cased were not used when initializing BertForSequenceClassification: ['cls.predictions.transform.dense.bias', 'cls.predictions.transform.LayerNorm.weight', 'cls.predictions.bias', 'cls.seq_relationship.weight', 'cls.predictions.transform.LayerNorm.bias', 'cls.seq_relationship.bias', 'cls.predictions.transform.dense.weight', 'cls.predictions.decoder.weight']
- This IS expected if you are initializing BertForSequenceClassification from the checkpoint of a model trained on another task or with another architecture (e.g. initializing a BertForSequenceClassification model from a BertForPreTraining model).
- This IS NOT expected if you are initializing BertForSequenceClassification from the checkpoint of a model that you expect to be exactly identical (initializing a BertForSequenceClassification model from a BertForSequenceClassification model).
Some weights of the model checkpoint at bert-base-cased were not used when initializing BertForSequenceClassification: ['cls.predictions.bias', 'cls.predictions.transform.LayerNorm.weight', 'cls.predictions.transform.dense.bias', 'cls.predictions.decoder.weight', 'cls.seq_relationship.weight', 'cls.predictions.transform.dense.weight', 'cls.seq_relationship.bias', 'cls.predictions.transform.LayerNorm.bias']
- This IS expected if you are initializing BertForSequenceClassification from the checkpoint of a model trained on another task or with another architecture (e.g. initializing a BertForSequenceClassification model from a BertForPreTraining model).
- This IS NOT expected if you are initializing BertForSequenceClassification from the checkpoint of a model that you expect to be exactly identical (initializing a BertForSequenceClassification model from a BertForSequenceClassification model).
Some weights of BertForSequenceClassification were not initialized from the model checkpoint at bert-base-cased and are newly initialized: ['classifier.bias', 'classifier.weight']
You should probably TRAIN this model on a down-stream task to be able to use it for predictions and inference.
Some weights of BertForSequenceClassification were not initialized from the model checkpoint at bert-base-cased and are newly initialized: ['classifier.weight', 'classifier.bias']
You should probably TRAIN this model on a down-stream task to be able to use it for predictions and inference.
------------------------

------------------------

------------------------

------------------------

Loading checkpoint...Loading checkpoint...

Loading checkpoint...
Loading checkpoint...
Retrieving epoch...
Loading model state...
Retrieving epoch...
Loading model state...
Retrieving epoch...
Loading model state...
Loading scheduler state...
Retrieving epoch...
Loading model state...
Loading optmizer state...
Loading scheduler state...
Loading scheduler state...
Loading optmizer state...
Loading optmizer state...
Loading scheduler state...
Loading optmizer state...
LOADED!
LOADED!
I'm process 0 using GPU 0
I'm process 2 using GPU 0
LOADED!
LOADED!
I'm process 1 using GPU 1
I'm process 3 using GPU 1
Labels:  tensor([3, 0, 0, 1, 0, 3, 0, 0, 3, 1, 4, 4, 4, 1, 2, 0], device='cuda:1')
Labels:  Labels:  tensor([0, 4, 2, 3, 0, 1, 2, 2, 3, 2, 2, 4, 4, 1, 1, 2], device='cuda:1')
Preds:  tensor([4, 0, 2, 1, 0, 2, 0, 1, 3, 1, 4, 2, 4, 1, 2, 0], device='cuda:1')
Preds:  tensor([1, 4, 1, 4, 0, 1, 4, 3, 2, 2, 0, 4, 4, 1, 1, 4], device='cuda:1')
Outputs:  tensor([[    0.0004,     0.0010,     0.0265,     0.3719,     0.6001],
        [    0.4867,     0.4156,     0.0917,     0.0036,     0.0025],
        [    0.1203,     0.2856,     0.4208,     0.1112,     0.0622],
        [    0.2039,     0.5586,     0.2284,     0.0077,     0.0014],
        [    0.8246,     0.1515,     0.0235,     0.0003,     0.0001],
        [    0.0060,     0.0507,     0.5614,     0.3449,     0.0369],
        [    0.9562,     0.0409,     0.0027,     0.0001,     0.0001],
        [    0.1527,     0.8176,     0.0283,     0.0009,     0.0005],
        [    0.0003,     0.0032,     0.1600,     0.7102,     0.1264],
        [    0.1934,     0.5020,     0.2803,     0.0204,     0.0039],
        [    0.1035,     0.1261,     0.2737,     0.1762,     0.3205],
        [    0.0695,     0.0908,     0.4257,     0.2633,     0.1507],
        [    0.0003,     0.0002,     0.0033,     0.1220,     0.8742],
        [    0.1961,     0.6376,     0.1539,     0.0085,     0.0039],
Outputs:  tensor([[    0.2966,     0.6975,     0.0055,     0.0002,     0.0002],
        [    0.0003,     0.0002,     0.0017,     0.1418,     0.8560],
        [    0.0193,     0.6057,     0.2976,     0.0583,     0.0191],
        [    0.0001,     0.0000,     0.0001,     0.0093,     0.9904],
        [    0.9741,     0.0219,     0.0031,     0.0004,     0.0004],
        [    0.0541,     0.3946,     0.3896,     0.1482,     0.0135],
        [    0.0535,     0.1612,     0.1815,     0.2417,     0.3621],
        [    0.0009,     0.0077,     0.3008,     0.6305,     0.0601],
        [    0.0834,     0.4252,     0.4445,     0.0452,     0.0018],
        [    0.0083,     0.0905,     0.6098,     0.2738,     0.0177],
        [    0.7597,     0.1977,     0.0384,     0.0026,     0.0017],
        [    0.0005,     0.0010,     0.0094,     0.0750,     0.9142],
        [    0.0021,     0.0010,     0.0017,     0.0075,     0.9877],
        [    0.0186,     0.4763,     0.4126,     0.0773,     0.0152],
        [    0.0015,     0.0582,     0.9208,     0.0191,     0.0005],
        [    0.9836,     0.0155,     0.0006,     0.0001,     0.0001]],
       device='cuda:1')
        [    0.0051,     0.9826,     0.0098,     0.0016,     0.0009],
        [    0.1540,     0.0314,     0.0689,     0.1825,     0.5632]],
       device='cuda:1')
Metric:  tensor(0.6875, device='cuda:1')
Metric:  tensor(0.5000, device='cuda:1')
------------------------
------------------------
Labels:  tensor([3, 1, 1, 4, 0, 2, 4, 1, 3, 0, 2, 3, 2, 2, 4, 4], device='cuda:0')
tensor([2, 2, 1, 1, 1, 4, 4, 4, 3, 2, 0, 3, 3, 4, 0, 3], device='cuda:0')
Preds:  tensor([3, 1, 0, 4, 0, 2, 4, 1, 3, 0, 1, 4, 2, 2, 3, 4], device='cuda:0')
Preds:  tensor([4, 3, 2, 2, 0, 4, 4, 4, 2, 2, 2, 2, 3, 4, 0, 3], device='cuda:0')
Outputs:  tensor([[    0.0002,     0.0013,     0.0280,     0.9691,     0.0014],
        [    0.2628,     0.5863,     0.1486,     0.0019,     0.0005],
        [    0.6486,     0.2521,     0.0834,     0.0112,     0.0047],
        [    0.0007,     0.0004,     0.0022,     0.0601,     0.9366],
        [    0.8074,     0.0946,     0.0499,     0.0243,     0.0238],
        [    0.0034,     0.0919,     0.6546,     0.2372,     0.0129],
        [    0.0020,     0.0010,     0.0043,     0.0637,     0.9291],
        [    0.4645,     0.4924,     0.0426,     0.0003,     0.0001],
        [    0.0004,     0.0042,     0.2484,     0.6951,     0.0519],
        [    0.5786,     0.2937,     0.1103,     0.0167,     0.0007],
        [    0.1908,     0.5823,     0.2217,     0.0044,     0.0007],
        [    0.0010,     0.0007,     0.0069,     0.2338,     0.7576],
        [    0.0122,     0.4083,     0.5739,     0.0054,     0.0001],
        [    0.0090,     0.1198,     0.6440,     0.2084,     0.0187],
Outputs:  tensor([[    0.0001,     0.0003,     0.0090,     0.2815,     0.7091],
        [    0.0005,     0.0097,     0.3812,     0.5932,     0.0153],
        [    0.0171,     0.0956,     0.4600,     0.3553,     0.0720],
        [    0.1004,     0.3824,     0.4572,     0.0552,     0.0048],
        [    0.5445,     0.4292,     0.0256,     0.0005,     0.0002],
        [    0.0001,     0.0002,     0.0028,     0.0984,     0.8985],
        [    0.0009,     0.0004,     0.0016,     0.0649,     0.9322],
        [    0.0006,     0.0011,     0.0107,     0.1614,     0.8262],
        [    0.0070,     0.0467,     0.6273,     0.2443,     0.0747],
        [    0.0112,     0.0850,     0.4876,     0.3859,     0.0303],
        [    0.0251,     0.3906,     0.5065,     0.0636,     0.0141],
        [    0.0080,     0.0884,     0.6141,     0.2164,     0.0731],
        [    0.0007,     0.0055,     0.1479,     0.5162,     0.3297],
        [    0.0016,     0.0247,     0.0154,     0.2452,     0.7131],
        [    0.0003,     0.0005,     0.0182,     0.5515,     0.4296],
        [    0.0008,     0.0004,     0.0033,     0.1498,     0.8458]],
       device='cuda:0')
        [    0.9336,     0.0644,     0.0018,     0.0001,     0.0000],
        [    0.0001,     0.0002,     0.0154,     0.8001,     0.1842]],
       device='cuda:0')
Metric:  tensor(0.7500, device='cuda:0')
Metric:  tensor(0.5000, device='cuda:0')
------------------------
------------------------
Labels:  tensor([2, 0, 4, 4, 4, 0, 0, 2, 4, 0, 4, 0, 0, 0, 1, 2], device='cuda:1')
Preds:  tensor([2, 0, 4, 4, 4, 0, 0, 2, 4, 2, 3, 2, 1, 0, 2, 4], device='cuda:1')
Outputs:  tensor([[    0.0018,     0.0168,     0.9024,     0.0692,     0.0098],
        [    0.6060,     0.3525,     0.0361,     0.0032,     0.0023],
        [    0.0005,     0.0030,     0.0032,     0.0447,     0.9486],
        [    0.0004,     0.0003,     0.0016,     0.0685,     0.9293],
        [    0.0004,     0.0006,     0.0096,     0.2282,     0.7612],
        [    0.6341,     0.3127,     0.0495,     0.0026,     0.0011],
        [    0.8611,     0.1257,     0.0123,     0.0007,     0.0002],
        [    0.0366,     0.2256,     0.6721,     0.0607,     0.0049],
        [    0.0004,     0.0006,     0.0112,     0.2418,     0.7459],
        [    0.0589,     0.4261,     0.4809,     0.0315,     0.0025],
        [    0.0025,     0.0029,     0.0548,     0.6366,     0.3033],
        [    0.2833,     0.2778,     0.2875,     0.0905,     0.0609],
        [    0.4194,     0.5262,     0.0533,     0.0008,     0.0003],
        [    0.7676,     0.2307,     0.0016,     0.0001,     0.0001],
        [    0.0175,     0.2833,     0.6590,     0.0395,     0.0006],
        [    0.0136,     0.0146,     0.0432,     0.1361,     0.7926]],
       device='cuda:1')
Metric:  tensor(0.6250, device='cuda:1')
------------------------
Labels:  tensor([0, 1, 4, 2, 3, 2, 1, 0, 2, 2, 2, 0, 2, 4, 3, 4], device='cuda:0')
Labels:  tensor([1, 1, 1, 1, 2, 1, 0, 0, 4, 4, 2, 1, 3, 0, 0, 1], device='cuda:0')
Preds:  tensor([1, 1, 4, 1, 1, 2, 1, 0, 1, 4, 3, 0, 3, 4, 0, 4], device='cuda:0')
Preds:  tensor([3, 1, 2, 4, 1, 2, 0, 0, 4, 4, 2, 1, 2, 1, 0, 1], device='cuda:0')
Outputs:  tensor([[    0.3271,     0.6345,     0.0381,     0.0003,     0.0001],
        [    0.3340,     0.6465,     0.0188,     0.0005,     0.0002],
        [    0.0025,     0.0050,     0.0393,     0.2224,     0.7308],
        [    0.3302,     0.5208,     0.1434,     0.0046,     0.0010],
        [    0.3653,     0.3833,     0.2298,     0.0185,     0.0031],
        [    0.1227,     0.1044,     0.5494,     0.1328,     0.0908],
        [    0.1345,     0.5292,     0.3304,     0.0054,     0.0004],
        [    0.9611,     0.0299,     0.0066,     0.0011,     0.0012],
        [    0.2734,     0.4243,     0.2680,     0.0254,     0.0089],
        [    0.0008,     0.0038,     0.0944,     0.4227,     0.4784],
        [    0.0016,     0.0112,     0.2408,     0.5392,     0.2071],
        [    0.9598,     0.0376,     0.0022,     0.0003,     0.0001],
        [    0.0029,     0.0273,     0.2487,     0.7005,     0.0207],
        [    0.0015,     0.0010,     0.0107,     0.1581,     0.8287],
Outputs:  tensor([[    0.0086,     0.0689,     0.3825,     0.3994,     0.1406],
        [    0.2942,     0.3618,     0.3037,     0.0361,     0.0042],
        [    0.0598,     0.4260,     0.4653,     0.0452,     0.0037],
        [    0.0287,     0.0224,     0.0609,     0.2497,     0.6384],
        [    0.0307,     0.7542,     0.1735,     0.0284,     0.0132],
        [    0.0179,     0.2206,     0.6287,     0.1144,     0.0184],
        [    0.9254,     0.0597,     0.0091,     0.0021,     0.0038],
        [    0.6979,     0.2955,     0.0064,     0.0001,     0.0001],
        [    0.0003,     0.0002,     0.0009,     0.0451,     0.9535],
        [    0.0008,     0.0004,     0.0021,     0.0518,     0.9449],
        [    0.0078,     0.1936,     0.7435,     0.0540,     0.0011],
        [    0.1378,     0.5045,     0.3352,     0.0177,     0.0047],
        [    0.0021,     0.0282,     0.5150,     0.4539,     0.0009],
        [    0.4164,     0.4951,     0.0848,     0.0034,     0.0004],
        [    0.4438,     0.4173,     0.1332,     0.0050,     0.0007],
        [    0.0003,     0.0003,     0.0005,     0.0197,     0.9792]],
       device='cuda:0')
        [    0.5935,     0.2550,     0.1049,     0.0279,     0.0187],
        [    0.2276,     0.5342,     0.2304,     0.0073,     0.0005]],
       device='cuda:0')
Metric:  tensor(0.5000, device='cuda:0')
Metric:  tensor(0.5625, device='cuda:0')
------------------------
------------------------
Labels:  tensor([3, 2, 3, 1, 3, 4, 3, 0, 3, 1, 1, 0, 0, 3, 2, 0], device='cuda:1')
Preds:  tensor([3, 2, 3, 1, 2, 4, 2, 1, 4, 1, 1, 0, 0, 3, 2, 2], device='cuda:1')
Outputs:  tensor([[    0.0038,     0.0272,     0.3733,     0.5784,     0.0174],
        [    0.0024,     0.0597,     0.6393,     0.2851,     0.0135],
        [    0.0550,     0.0103,     0.0447,     0.7671,     0.1228],
        [    0.2198,     0.4556,     0.3014,     0.0206,     0.0025],
        [    0.0040,     0.0915,     0.8440,     0.0588,     0.0017],
        [    0.0007,     0.0008,     0.0073,     0.1118,     0.8794],
        [    0.0090,     0.0678,     0.3799,     0.3674,     0.1758],
        [    0.1463,     0.5338,     0.3127,     0.0067,     0.0004],
        [    0.0001,     0.0001,     0.0038,     0.2450,     0.7509],
        [    0.0666,     0.4228,     0.3901,     0.1007,     0.0198],
        [    0.1064,     0.4643,     0.4036,     0.0229,     0.0027],
        [    0.7209,     0.2540,     0.0241,     0.0007,     0.0003],
        [    0.3462,     0.3398,     0.2612,     0.0440,     0.0087],
        [    0.0251,     0.0822,     0.1634,     0.3956,     0.3337],
        [    0.0778,     0.3405,     0.4304,     0.1193,     0.0320],
        [    0.0117,     0.1153,     0.5717,     0.2954,     0.0059]],
       device='cuda:1')
Metric:  tensor(0.6875, device='cuda:1')
------------------------
Labels:  tensor([2, 3, 4, 0, 1, 3, 4, 3, 4, 2, 1, 0, 4, 4, 4, 4], device='cuda:1')
Preds:  tensor([2, 3, 4, 1, 1, 4, 4, 2, 4, 3, 1, 0, 4, 4, 3, 4], device='cuda:1')
Outputs:  tensor([[    0.0269,     0.3142,     0.6010,     0.0555,     0.0023],
        [    0.0007,     0.0034,     0.1300,     0.6622,     0.2037],
        [    0.0008,     0.0006,     0.0031,     0.0271,     0.9684],
        [    0.2290,     0.7196,     0.0500,     0.0007,     0.0007],
        [    0.3082,     0.4599,     0.1907,     0.0277,     0.0136],
        [    0.0021,     0.0018,     0.0200,     0.3198,     0.6563],
        [    0.0020,     0.0007,     0.0023,     0.0212,     0.9738],
        [    0.0103,     0.3978,     0.5834,     0.0079,     0.0007],
        [    0.0004,     0.0003,     0.0003,     0.0060,     0.9930],
        [    0.0005,     0.0086,     0.4385,     0.5248,     0.0276],
        [    0.3012,     0.5440,     0.1497,     0.0044,     0.0007],
        [    0.7673,     0.2159,     0.0161,     0.0005,     0.0003],
        [    0.0003,     0.0003,     0.0031,     0.0808,     0.9154],
        [    0.0021,     0.0015,     0.0056,     0.1003,     0.8906],
        [    0.0054,     0.0216,     0.2723,     0.4930,     0.2078],
        [    0.0002,     0.0002,     0.0017,     0.1100,     0.8879]],
       device='cuda:1')
Metric:  tensor(0.6875, device='cuda:1')
------------------------
Labels:  tensor([3, 3, 3, 2, 1, 3, 1, 1, 2, 2, 0, 3, 3, 4, 4, 2], device='cuda:0')
Preds:  tensor([3, 2, 2, 2, 1, 2, 1, 0, 2, 2, 0, 4, 2, 4, 4, 0], device='cuda:0')
Outputs:  tensor([[    0.0003,     0.0015,     0.0632,     0.6879,     0.2471],
        [    0.0087,     0.0817,     0.6257,     0.2436,     0.0403],
        [    0.0046,     0.0489,     0.5170,     0.3945,     0.0351],
        [    0.0421,     0.2649,     0.5708,     0.1176,     0.0045],
        [    0.1564,     0.7795,     0.0632,     0.0008,     0.0002],
        [    0.1328,     0.2356,     0.4245,     0.1554,     0.0518],
        [    0.0909,     0.6826,     0.2227,     0.0035,     0.0003],
        [    0.9696,     0.0278,     0.0022,     0.0003,     0.0001],
        [    0.0014,     0.0251,     0.6235,     0.3293,     0.0207],
        [    0.0393,     0.1770,     0.3666,     0.3241,     0.0930],
        [    0.5881,     0.3707,     0.0408,     0.0004,     0.0001],
        [    0.0002,     0.0001,     0.0006,     0.0186,     0.9806],
        [    0.0013,     0.0317,     0.6085,     0.3496,     0.0089],
        [    0.0003,     0.0004,     0.0062,     0.2016,     0.7915],
        [    0.0198,     0.0215,     0.1061,     0.1921,     0.6605],
        [    0.6962,     0.2627,     0.0374,     0.0024,     0.0013]],
       device='cuda:0')
Metric:  tensor(0.5625, device='cuda:0')
------------------------
Labels:  tensor([4, 0, 4, 0, 4, 1, 1, 3, 0, 4, 4, 3, 0, 2, 3, 0], device='cuda:0')
Preds:  tensor([4, 0, 4, 0, 4, 1, 1, 4, 0, 3, 4, 3, 1, 1, 4, 0], device='cuda:0')
Outputs:  tensor([[    0.0002,     0.0001,     0.0014,     0.0872,     0.9111],
        [    0.5929,     0.3370,     0.0674,     0.0023,     0.0004],
        [    0.0003,     0.0004,     0.0074,     0.2145,     0.7774],
        [    0.7216,     0.2625,     0.0154,     0.0003,     0.0001],
        [    0.0251,     0.0128,     0.0275,     0.0876,     0.8470],
        [    0.0058,     0.9838,     0.0090,     0.0009,     0.0004],
        [    0.0796,     0.4675,     0.4250,     0.0254,     0.0025],
        [    0.0695,     0.1406,     0.2636,     0.2279,     0.2984],
        [    0.9844,     0.0145,     0.0007,     0.0002,     0.0003],
        [    0.0067,     0.0403,     0.3069,     0.4333,     0.2128],
        [    0.0029,     0.0609,     0.0149,     0.1767,     0.7447],
        [    0.0020,     0.0090,     0.1305,     0.4494,     0.4091],
        [    0.3894,     0.5902,     0.0201,     0.0002,     0.0001],
        [    0.0175,     0.7404,     0.1673,     0.0637,     0.0110],
        [    0.0002,     0.0002,     0.0032,     0.2291,     0.7672],
        [    0.8882,     0.1042,     0.0071,     0.0003,     0.0002]],
       device='cuda:0')
Metric:  tensor(0.6875, device='cuda:0')
------------------------
Labels:  tensor([3, 2, 3, 2, 3, 0, 2, 4, 1, 1, 1, 1, 0, 0, 0, 0], device='cuda:1')
Preds:  tensor([4, 2, 2, 2, 4, 0, 2, 4, 2, 0, 1, 2, 0, 0, 0, 0], device='cuda:1')
Outputs:  tensor([[    0.0008,     0.0010,     0.0127,     0.2262,     0.7594],
        [    0.0119,     0.1245,     0.7053,     0.1526,     0.0058],
        [    0.0018,     0.0429,     0.8306,     0.1228,     0.0019],
        [    0.0026,     0.0149,     0.9786,     0.0034,     0.0005],
        [    0.0003,     0.0003,     0.0030,     0.1210,     0.8754],
        [    0.5524,     0.4271,     0.0201,     0.0003,     0.0001],
        [    0.1502,     0.3657,     0.3850,     0.0887,     0.0104],
        [    0.0136,     0.0143,     0.0575,     0.1988,     0.7158],
        [    0.0122,     0.1931,     0.7261,     0.0663,     0.0022],
        [    0.8294,     0.0986,     0.0361,     0.0143,     0.0216],
        [    0.1740,     0.6069,     0.2137,     0.0051,     0.0004],
        [    0.2589,     0.2766,     0.3819,     0.0633,     0.0193],
        [    0.9466,     0.0441,     0.0072,     0.0010,     0.0011],
        [    0.7249,     0.2414,     0.0296,     0.0024,     0.0017],
        [    0.9852,     0.0143,     0.0004,     0.0001,     0.0001],
        [    0.9949,     0.0038,     0.0005,     0.0004,     0.0005]],
       device='cuda:1')
Metric:  tensor(0.6250, device='cuda:1')
------------------------
Labels:  tensor([4, 4, 4, 2, 3, 2, 4, 1, 2, 1, 1, 2, 0, 1, 0, 1], device='cuda:1')
Preds:  tensor([4, 4, 4, 2, 3, 3, 4, 2, 2, 2, 0, 2, 0, 0, 0, 2], device='cuda:1')
Outputs:  tensor([[    0.0005,     0.0006,     0.0056,     0.1102,     0.8830],
        [    0.0005,     0.0003,     0.0032,     0.1523,     0.8436],
        [    0.0015,     0.0005,     0.0030,     0.1195,     0.8755],
        [    0.0953,     0.3838,     0.4980,     0.0203,     0.0026],
        [    0.0036,     0.0200,     0.2273,     0.5622,     0.1868],
        [    0.0006,     0.0040,     0.1501,     0.7944,     0.0510],
        [    0.0019,     0.0010,     0.0025,     0.0144,     0.9803],
        [    0.0796,     0.3884,     0.4498,     0.0728,     0.0094],
        [    0.0023,     0.0933,     0.8230,     0.0807,     0.0007],
        [    0.0291,     0.2881,     0.6034,     0.0771,     0.0023],
        [    0.5697,     0.3158,     0.0988,     0.0137,     0.0021],
        [    0.0126,     0.2881,     0.6683,     0.0296,     0.0014],
        [    0.9901,     0.0091,     0.0005,     0.0002,     0.0002],
        [    0.6172,     0.3333,     0.0469,     0.0020,     0.0006],
        [    0.7009,     0.2854,     0.0132,     0.0003,     0.0001],
        [    0.0080,     0.0963,     0.6099,     0.2739,     0.0119]],
       device='cuda:1')
Metric:  tensor(0.6250, device='cuda:1')
------------------------
Labels:  tensor([4, 1, 1, 0, 0, 1, 2, 4, 2, 4, 4, 1, 0, 1, 2, 1], device='cuda:0')
Preds:  tensor([4, 1, 0, 0, 0, 1, 2, 4, 2, 4, 4, 0, 0, 0, 3, 0], device='cuda:0')
Outputs:  tensor([[    0.0008,     0.0010,     0.0061,     0.0617,     0.9305],
        [    0.4468,     0.5014,     0.0506,     0.0008,     0.0003],
        [    0.9429,     0.0547,     0.0022,     0.0002,     0.0001],
        [    0.5907,     0.3357,     0.0627,     0.0052,     0.0057],
        [    0.5768,     0.3584,     0.0607,     0.0028,     0.0013],
        [    0.0926,     0.6914,     0.2141,     0.0017,     0.0002],
        [    0.0247,     0.1130,     0.4578,     0.3516,     0.0528],
        [    0.0002,     0.0002,     0.0020,     0.3835,     0.6141],
        [    0.0411,     0.4179,     0.5172,     0.0234,     0.0004],
        [    0.0003,     0.0002,     0.0026,     0.2575,     0.7394],
        [    0.0275,     0.0330,     0.1045,     0.2036,     0.6314],
        [    0.4115,     0.0660,     0.0825,     0.1060,     0.3340],
        [    0.9258,     0.0724,     0.0017,     0.0001,     0.0000],
        [    0.5752,     0.3421,     0.0774,     0.0043,     0.0010],
        [    0.0856,     0.0884,     0.1929,     0.3883,     0.2448],
        [    0.4699,     0.3109,     0.1529,     0.0419,     0.0244]],
       device='cuda:0')
Metric:  tensor(0.6875, device='cuda:0')
------------------------
Labels:  tensor([2, 0, 1, 3, 4, 2, 0, 0, 2, 1, 0, 1, 1, 2, 3, 4], device='cuda:0')
Preds:  tensor([4, 0, 2, 2, 4, 2, 1, 0, 1, 0, 0, 0, 0, 1, 2, 4], device='cuda:0')
Outputs:  tensor([[    0.0010,     0.0015,     0.0185,     0.2211,     0.7578],
        [    0.7290,     0.2143,     0.0504,     0.0047,     0.0015],
        [    0.0036,     0.0939,     0.8026,     0.0989,     0.0009],
        [    0.0057,     0.1030,     0.7624,     0.1259,     0.0031],
        [    0.0260,     0.0051,     0.0112,     0.0754,     0.8823],
        [    0.0095,     0.1832,     0.6280,     0.1716,     0.0076],
        [    0.4393,     0.4850,     0.0727,     0.0025,     0.0006],
        [    0.6337,     0.2625,     0.1000,     0.0034,     0.0005],
        [    0.0359,     0.7578,     0.1299,     0.0321,     0.0443],
        [    0.6959,     0.1509,     0.1070,     0.0249,     0.0211],
        [    0.9909,     0.0086,     0.0002,     0.0001,     0.0002],
        [    0.4425,     0.3911,     0.1602,     0.0060,     0.0002],
        [    0.6847,     0.1760,     0.1098,     0.0183,     0.0112],
        [    0.0088,     0.6833,     0.2078,     0.0739,     0.0262],
        [    0.1279,     0.1346,     0.2794,     0.2409,     0.2171],
        [    0.0002,     0.0003,     0.0005,     0.0317,     0.9674]],
       device='cuda:0')
Metric:  tensor(0.3750, device='cuda:0')
------------------------
Labels:  tensor([1, 1, 2, 1, 1, 4, 1, 4, 4, 1, 3, 2, 4, 3, 3, 4], device='cuda:1')
Preds:  tensor([3, 2, 1, 0, 1, 4, 0, 4, 4, 1, 2, 2, 4, 2, 4, 4], device='cuda:1')
Outputs:  tensor([[    0.0206,     0.0708,     0.3419,     0.3736,     0.1930],
        [    0.0593,     0.3432,     0.5202,     0.0737,     0.0035],
        [    0.1858,     0.3947,     0.3307,     0.0825,     0.0062],
        [    0.5432,     0.3369,     0.1163,     0.0031,     0.0005],
        [    0.2393,     0.6727,     0.0874,     0.0005,     0.0001],
        [    0.0007,     0.0005,     0.0024,     0.0480,     0.9483],
        [    0.7209,     0.2055,     0.0615,     0.0071,     0.0050],
        [    0.0002,     0.0005,     0.0183,     0.3410,     0.6401],
        [    0.0009,     0.0004,     0.0016,     0.0685,     0.9286],
        [    0.3920,     0.5413,     0.0653,     0.0012,     0.0002],
        [    0.0023,     0.0557,     0.7188,     0.2219,     0.0013],
        [    0.0033,     0.0736,     0.6157,     0.2900,     0.0173],
        [    0.0012,     0.0020,     0.0231,     0.2889,     0.6848],
        [    0.0009,     0.0276,     0.6889,     0.2734,     0.0092],
        [    0.0016,     0.0012,     0.0076,     0.1104,     0.8792],
        [    0.0014,     0.0030,     0.0514,     0.4123,     0.5318]],
       device='cuda:1')
Metric:  tensor(0.5000, device='cuda:1')
------------------------
Labels:  tensor([4, 4, 2, 0, 0, 4, 4, 1, 4, 2, 0, 1, 1, 2, 2, 1], device='cuda:1')
Preds:  tensor([4, 4, 1, 2, 4, 4, 4, 1, 4, 2, 3, 1, 2, 1, 2, 2], device='cuda:1')
Outputs:  tensor([[    0.0005,     0.0003,     0.0036,     0.1113,     0.8842],
        [    0.0002,     0.0002,     0.0021,     0.0764,     0.9211],
        [    0.1412,     0.7479,     0.0931,     0.0135,     0.0043],
        [    0.0547,     0.1429,     0.3636,     0.3022,     0.1366],
        [    0.1363,     0.0846,     0.1880,     0.1955,     0.3957],
        [    0.0008,     0.0004,     0.0016,     0.0360,     0.9611],
        [    0.0012,     0.0010,     0.0053,     0.1036,     0.8889],
        [    0.1609,     0.5993,     0.2304,     0.0085,     0.0009],
        [    0.0003,     0.0004,     0.0049,     0.1053,     0.8891],
        [    0.0900,     0.1974,     0.4527,     0.2237,     0.0361],
        [    0.0073,     0.0367,     0.2129,     0.4696,     0.2735],
        [    0.3746,     0.3925,     0.1858,     0.0244,     0.0226],
        [    0.0025,     0.0446,     0.8840,     0.0660,     0.0029],
        [    0.1498,     0.5857,     0.2552,     0.0088,     0.0006],
        [    0.0205,     0.2406,     0.4987,     0.2025,     0.0377],
        [    0.0111,     0.2753,     0.6293,     0.0811,     0.0032]],
       device='cuda:1')
Metric:  tensor(0.5625, device='cuda:1')
------------------------
Mean loss[0.9458625294293584] | Mean metric[0.5906844802342606]
Stupid loss[0.0] | Naive soulution metric[0.2]
Freezed:  module.bert.embeddings.word_embeddings.weight
Freezed:  module.bert.embeddings.position_embeddings.weight
Freezed:  module.bert.embeddings.token_type_embeddings.weight
Freezed:  module.bert.embeddings.LayerNorm.weight
Freezed:  module.bert.embeddings.LayerNorm.bias
Freezed:  module.bert.encoder.layer.0.attention.self.query.weight
Freezed:  module.bert.encoder.layer.0.attention.self.query.bias
Freezed:  module.bert.encoder.layer.0.attention.self.key.weight
Freezed:  module.bert.encoder.layer.0.attention.self.key.bias
Freezed:  module.bert.encoder.layer.0.attention.self.value.weight
Freezed:  module.bert.encoder.layer.0.attention.self.value.bias
Freezed:  module.bert.encoder.layer.0.attention.output.dense.weight
Freezed:  module.bert.encoder.layer.0.attention.output.dense.bias
Freezed:  module.bert.encoder.layer.0.attention.output.LayerNorm.weight
Freezed:  module.bert.encoder.layer.0.attention.output.LayerNorm.bias
Freezed:  module.bert.encoder.layer.0.intermediate.dense.weight
Freezed:  module.bert.encoder.layer.0.intermediate.dense.bias
Freezed:  module.bert.encoder.layer.0.output.dense.weight
Freezed:  module.bert.encoder.layer.0.output.dense.bias
Freezed:  module.bert.encoder.layer.0.output.LayerNorm.weight
Freezed:  module.bert.encoder.layer.0.output.LayerNorm.bias
Freezed:  module.bert.encoder.layer.1.attention.self.query.weight
Freezed:  module.bert.encoder.layer.1.attention.self.query.bias
Freezed:  module.bert.encoder.layer.1.attention.self.key.weight
Freezed:  module.bert.encoder.layer.1.attention.self.key.bias
Freezed:  module.bert.encoder.layer.1.attention.self.value.weight
Freezed:  module.bert.encoder.layer.1.attention.self.value.bias
Freezed:  module.bert.encoder.layer.1.attention.output.dense.weight
Freezed:  module.bert.encoder.layer.1.attention.output.dense.bias
Freezed:  module.bert.encoder.layer.1.attention.output.LayerNorm.weight
Freezed:  module.bert.encoder.layer.1.attention.output.LayerNorm.bias
Freezed:  module.bert.encoder.layer.1.intermediate.dense.weight
Freezed:  module.bert.encoder.layer.1.intermediate.dense.bias
Freezed:  module.bert.encoder.layer.1.output.dense.weight
Freezed:  module.bert.encoder.layer.1.output.dense.bias
Freezed:  module.bert.encoder.layer.1.output.LayerNorm.weight
Freezed:  module.bert.encoder.layer.1.output.LayerNorm.bias
Freezed:  module.bert.encoder.layer.2.attention.self.query.weight
Freezed:  module.bert.encoder.layer.2.attention.self.query.bias
Freezed:  module.bert.encoder.layer.2.attention.self.key.weight
Freezed:  module.bert.encoder.layer.2.attention.self.key.bias
Freezed:  module.bert.encoder.layer.2.attention.self.value.weight
Freezed:  module.bert.encoder.layer.2.attention.self.value.bias
Freezed:  module.bert.encoder.layer.2.attention.output.dense.weight
Freezed:  module.bert.encoder.layer.2.attention.output.dense.bias
Freezed:  module.bert.encoder.layer.2.attention.output.LayerNorm.weight
Freezed:  module.bert.encoder.layer.2.attention.output.LayerNorm.bias
Freezed:  module.bert.encoder.layer.2.intermediate.dense.weight
Freezed:  module.bert.encoder.layer.2.intermediate.dense.bias
Freezed:  module.bert.encoder.layer.2.output.dense.weight
Freezed:  module.bert.encoder.layer.2.output.dense.bias
Freezed:  module.bert.encoder.layer.2.output.LayerNorm.weight
Freezed:  module.bert.encoder.layer.2.output.LayerNorm.bias
Freezed:  module.bert.encoder.layer.3.attention.self.query.weight
Freezed:  module.bert.encoder.layer.3.attention.self.query.bias
Freezed:  module.bert.encoder.layer.3.attention.self.key.weight
Freezed:  module.bert.encoder.layer.3.attention.self.key.bias
Freezed:  module.bert.encoder.layer.3.attention.self.value.weight
Freezed:  module.bert.encoder.layer.3.attention.self.value.bias
Freezed:  module.bert.encoder.layer.3.attention.output.dense.weight
Freezed:  module.bert.encoder.layer.3.attention.output.dense.bias
Freezed:  module.bert.encoder.layer.3.attention.output.LayerNorm.weight
Freezed:  module.bert.encoder.layer.3.attention.output.LayerNorm.bias
Freezed:  module.bert.encoder.layer.3.intermediate.dense.weight
Freezed:  module.bert.encoder.layer.3.intermediate.dense.bias
Freezed:  module.bert.encoder.layer.3.output.dense.weight
Freezed:  module.bert.encoder.layer.3.output.dense.bias
Freezed:  module.bert.encoder.layer.3.output.LayerNorm.weight
Freezed:  module.bert.encoder.layer.3.output.LayerNorm.bias
Freezed:  module.bert.encoder.layer.4.attention.self.query.weight
Freezed:  module.bert.encoder.layer.4.attention.self.query.bias
Freezed:  module.bert.encoder.layer.4.attention.self.key.weight
Freezed:  module.bert.encoder.layer.4.attention.self.key.bias
Freezed:  module.bert.encoder.layer.4.attention.self.value.weight
Freezed:  module.bert.encoder.layer.4.attention.self.value.bias
Freezed:  module.bert.encoder.layer.4.attention.output.dense.weight
Freezed:  module.bert.encoder.layer.4.attention.output.dense.bias
Freezed:  module.bert.encoder.layer.4.attention.output.LayerNorm.weight
Freezed:  module.bert.encoder.layer.4.attention.output.LayerNorm.bias
Freezed:  module.bert.encoder.layer.4.intermediate.dense.weight
Freezed:  module.bert.encoder.layer.4.intermediate.dense.bias
Freezed:  module.bert.encoder.layer.4.output.dense.weight
Freezed:  module.bert.encoder.layer.4.output.dense.bias
Freezed:  module.bert.encoder.layer.4.output.LayerNorm.weight
Freezed:  module.bert.encoder.layer.4.output.LayerNorm.bias
Freezed:  module.bert.encoder.layer.5.attention.self.query.weight
Freezed:  module.bert.encoder.layer.5.attention.self.query.bias
Freezed:  module.bert.encoder.layer.5.attention.self.key.weight
Freezed:  module.bert.encoder.layer.5.attention.self.key.bias
Freezed:  module.bert.encoder.layer.5.attention.self.value.weight
Freezed:  module.bert.encoder.layer.5.attention.self.value.bias
Freezed:  module.bert.encoder.layer.5.attention.output.dense.weight
Freezed:  module.bert.encoder.layer.5.attention.output.dense.bias
Freezed:  module.bert.encoder.layer.5.attention.output.LayerNorm.weight
Freezed:  module.bert.encoder.layer.5.attention.output.LayerNorm.bias
Freezed:  module.bert.encoder.layer.5.intermediate.dense.weight
Freezed:  module.bert.encoder.layer.5.intermediate.dense.bias
Freezed:  module.bert.encoder.layer.5.output.dense.weight
Freezed:  module.bert.encoder.layer.5.output.dense.bias
