Node IP: 10.128.2.151
WARNING:torch.distributed.run:
*****************************************
Setting OMP_NUM_THREADS environment variable for each process to be 1 in default, to avoid your system being overloaded, please further tune the variable for optimal performance in your application as needed. 
*****************************************
INFO:torch.distributed.launcher.api:Starting elastic_operator with launch configs:
  entrypoint       : train.py
  min_nodes        : 2
  max_nodes        : 2
  nproc_per_node   : 2
  run_id           : 18872
  rdzv_backend     : c10d
  rdzv_endpoint    : 10.128.2.151:29500
  rdzv_configs     : {'timeout': 900}
  max_restarts     : 0
  monitor_interval : 5
  log_dir          : None
  metrics_cfg      : {}

WARNING:torch.distributed.run:
*****************************************
Setting OMP_NUM_THREADS environment variable for each process to be 1 in default, to avoid your system being overloaded, please further tune the variable for optimal performance in your application as needed. 
*****************************************
INFO:torch.distributed.launcher.api:Starting elastic_operator with launch configs:
  entrypoint       : train.py
  min_nodes        : 2
  max_nodes        : 2
  nproc_per_node   : 2
  run_id           : 18872
  rdzv_backend     : c10d
  rdzv_endpoint    : 10.128.2.151:29500
  rdzv_configs     : {'timeout': 900}
  max_restarts     : 0
  monitor_interval : 5
  log_dir          : None
  metrics_cfg      : {}

INFO:torch.distributed.elastic.agent.server.local_elastic_agent:log directory set to: /tmp/torchelastic_90x6eyro/18872_b0vjd_se
INFO:torch.distributed.elastic.agent.server.api:[default] starting workers for entrypoint: python
INFO:torch.distributed.elastic.agent.server.api:[default] Rendezvous'ing worker group
INFO:torch.distributed.elastic.agent.server.local_elastic_agent:log directory set to: /tmp/torchelastic_i1d9e4tg/18872_2dpfz1ux
INFO:torch.distributed.elastic.agent.server.api:[default] starting workers for entrypoint: python
INFO:torch.distributed.elastic.agent.server.api:[default] Rendezvous'ing worker group
INFO:torch.distributed.elastic.agent.server.api:[default] Rendezvous complete for workers. Result:
  restart_count=0
  master_addr=gpu001.hpc
  master_port=55573
  group_rank=0
  group_world_size=2
  local_ranks=[0, 1]
  role_ranks=[0, 1]
  global_ranks=[0, 1]
  role_world_sizes=[4, 4]
  global_world_sizes=[4, 4]

INFO:torch.distributed.elastic.agent.server.api:[default] Starting worker group
INFO:torch.distributed.elastic.agent.server.api:[default] Rendezvous complete for workers. Result:
  restart_count=0
  master_addr=gpu001.hpc
  master_port=55573
  group_rank=1
  group_world_size=2
  local_ranks=[0, 1]
  role_ranks=[2, 3]
  global_ranks=[2, 3]
  role_world_sizes=[4, 4]
  global_world_sizes=[4, 4]

INFO:torch.distributed.elastic.agent.server.api:[default] Starting worker group
INFO:torch.distributed.elastic.agent.server.local_elastic_agent:Environment variable 'TORCHELASTIC_ENABLE_FILE_TIMER' not found. Do not start FileTimerServer.
INFO:torch.distributed.elastic.multiprocessing:Setting worker0 reply file to: /tmp/torchelastic_90x6eyro/18872_b0vjd_se/attempt_0/0/error.json
INFO:torch.distributed.elastic.multiprocessing:Setting worker1 reply file to: /tmp/torchelastic_90x6eyro/18872_b0vjd_se/attempt_0/1/error.json
INFO:torch.distributed.elastic.agent.server.local_elastic_agent:Environment variable 'TORCHELASTIC_ENABLE_FILE_TIMER' not found. Do not start FileTimerServer.
INFO:torch.distributed.elastic.multiprocessing:Setting worker0 reply file to: /tmp/torchelastic_i1d9e4tg/18872_2dpfz1ux/attempt_0/0/error.json
INFO:torch.distributed.elastic.multiprocessing:Setting worker1 reply file to: /tmp/torchelastic_i1d9e4tg/18872_2dpfz1ux/attempt_0/1/error.json
/u/dssc/msanna00/.conda/envs/deeplearning3/lib/python3.7/site-packages/torch/cuda/__init__.py:497: UserWarning: Can't initialize NVML
  warnings.warn("Can't initialize NVML")
/u/dssc/msanna00/.conda/envs/deeplearning3/lib/python3.7/site-packages/torch/cuda/__init__.py:497: UserWarning: Can't initialize NVML
  warnings.warn("Can't initialize NVML")
PORT:  55573
WORLD SIZE:  4
MASTER NODE:  gpu001.hpc
My slurm id is:  1
My rank is:  3
PORT:  55573
WORLD SIZE:  4
MASTER NODE:  gpu001.hpc
My slurm id is:  1
My rank is:  2
PORT: PORT:   5557355573

WORLD SIZE: WORLD SIZE:   44

MASTER NODE: MASTER NODE:   gpu001.hpcgpu001.hpc

My slurm id is: My slurm id is:   00

My rank is: My rank is:   01

Some weights of GPT2ForSequenceClassification were not initialized from the model checkpoint at gpt2 and are newly initialized: ['score.weight']
You should probably TRAIN this model on a down-stream task to be able to use it for predictions and inference.
Some weights of GPT2ForSequenceClassification were not initialized from the model checkpoint at gpt2 and are newly initialized: ['score.weight']
You should probably TRAIN this model on a down-stream task to be able to use it for predictions and inference.
------------------------

------------------------

Some weights of GPT2ForSequenceClassification were not initialized from the model checkpoint at gpt2 and are newly initialized: ['score.weight']
You should probably TRAIN this model on a down-stream task to be able to use it for predictions and inference.
Some weights of GPT2ForSequenceClassification were not initialized from the model checkpoint at gpt2 and are newly initialized: ['score.weight']
You should probably TRAIN this model on a down-stream task to be able to use it for predictions and inference.
------------------------

------------------------

Loading checkpoint...
Loading checkpoint...
Loading checkpoint...
Loading checkpoint...
Retrieving epoch...
Loading model state...
Loading scheduler state...
Loading optmizer state...
LOADED!
I'm process 2 using GPU 0
Retrieving epoch...
Loading model state...
Loading scheduler state...
Loading optmizer state...
LOADED!
I'm process 3 using GPU 1
Retrieving epoch...
Loading model state...
Retrieving epoch...
Loading model state...
Loading scheduler state...
Loading optmizer state...
Loading scheduler state...
Loading optmizer state...
LOADED!
I'm process 0 using GPU 0
LOADED!
I'm process 1 using GPU 1
Labels:  tensor([3, 0, 0, 1, 0, 3, 0, 0, 3, 1, 4, 4, 4, 1, 2, 0], device='cuda:1')
Preds:  tensor([4, 0, 2, 1, 0, 2, 0, 1, 3, 1, 2, 3, 4, 1, 2, 0], device='cuda:1')
Outputs:  tensor([[    0.0004,     0.0006,     0.0145,     0.3833,     0.6012],
        [    0.6832,     0.2919,     0.0234,     0.0008,     0.0007],
        [    0.1754,     0.3506,     0.4461,     0.0267,     0.0011],
        [    0.3229,     0.5455,     0.1297,     0.0017,     0.0002],
        [    0.8291,     0.1504,     0.0204,     0.0001,     0.0000],
        [    0.0196,     0.1235,     0.6426,     0.2069,     0.0074],
        [    0.8989,     0.0953,     0.0058,     0.0000,     0.0000],
        [    0.2777,     0.6910,     0.0303,     0.0009,     0.0001],
        [    0.0000,     0.0015,     0.3596,     0.5866,     0.0523],
        [    0.2286,     0.4900,     0.2720,     0.0087,     0.0007],
        [    0.2704,     0.1530,     0.2870,     0.1310,     0.1587],
        [    0.0483,     0.0580,     0.4082,     0.4131,     0.0724],
        [    0.0003,     0.0002,     0.0040,     0.1706,     0.8248],
        [    0.2077,     0.6354,     0.1158,     0.0323,     0.0087],
        [    0.0015,     0.0863,     0.8877,     0.0243,     0.0002],
        [    0.9889,     0.0110,     0.0001,     0.0000,     0.0000]],
       device='cuda:1')
Metric:  tensor(0.6250, device='cuda:1')
------------------------
Labels:  tensor([3, 1, 1, 4, 0, 2, 4, 1, 3, 0, 2, 3, 2, 2, 4, 4], device='cuda:0')
Preds:  tensor([3, 0, 0, 4, 0, 2, 4, 1, 3, 0, 1, 4, 1, 2, 4, 4], device='cuda:0')
Outputs:  tensor([[    0.0000,     0.0011,     0.0369,     0.9618,     0.0001],
        [    0.4758,     0.4567,     0.0666,     0.0008,     0.0001],
        [    0.4460,     0.4315,     0.1182,     0.0040,     0.0003],
        [    0.0007,     0.0002,     0.0016,     0.0370,     0.9606],
        [    0.7507,     0.0960,     0.0799,     0.0401,     0.0332],
        [    0.0016,     0.0940,     0.8141,     0.0898,     0.0004],
        [    0.0021,     0.0010,     0.0069,     0.1715,     0.8185],
        [    0.4609,     0.5011,     0.0380,     0.0000,     0.0000],
        [    0.0001,     0.0010,     0.3002,     0.6761,     0.0227],
        [    0.5247,     0.2241,     0.2318,     0.0193,     0.0001],
        [    0.1954,     0.5572,     0.2437,     0.0033,     0.0003],
        [    0.0002,     0.0002,     0.0043,     0.2959,     0.6995],
        [    0.0688,     0.6566,     0.2730,     0.0015,     0.0000],
        [    0.0121,     0.0950,     0.5259,     0.3009,     0.0660],
        [    0.0001,     0.0002,     0.0109,     0.3510,     0.6377],
        [    0.0004,     0.0002,     0.0034,     0.1172,     0.8788]],
       device='cuda:0')
Metric:  tensor(0.6875, device='cuda:0')
------------------------
Labels:  tensor([2, 2, 1, 1, 1, 4, 4, 4, 3, 2, 0, 3, 3, 4, 0, 3], device='cuda:0')
Preds:  tensor([3, 3, 2, 1, 0, 4, 4, 4, 2, 2, 1, 2, 4, 4, 0, 3], device='cuda:0')
Outputs:  tensor([[    0.0001,     0.0004,     0.0342,     0.5531,     0.4122],
        [    0.0001,     0.0006,     0.0216,     0.6733,     0.3045],
        [    0.0074,     0.0571,     0.5437,     0.3376,     0.0542],
        [    0.1014,     0.6040,     0.2877,     0.0068,     0.0001],
        [    0.6898,     0.2844,     0.0247,     0.0008,     0.0003],
        [    0.0000,     0.0000,     0.0012,     0.0623,     0.9364],
        [    0.0003,     0.0001,     0.0014,     0.0326,     0.9656],
        [    0.0014,     0.0020,     0.0181,     0.1319,     0.8465],
        [    0.0053,     0.0326,     0.6441,     0.2727,     0.0453],
        [    0.0037,     0.0477,     0.5455,     0.3955,     0.0076],
        [    0.0492,     0.6287,     0.3009,     0.0184,     0.0027],
        [    0.0026,     0.0644,     0.7339,     0.1726,     0.0264],
        [    0.0001,     0.0003,     0.0063,     0.3256,     0.6677],
        [    0.0001,     0.0006,     0.0018,     0.0956,     0.9018],
        [    0.9484,     0.0509,     0.0007,     0.0000,     0.0000],
        [    0.0000,     0.0001,     0.0156,     0.8782,     0.1061]],
       device='cuda:0')
Metric:  tensor(0.5000, device='cuda:0')
------------------------
Labels:  tensor([0, 4, 2, 3, 0, 1, 2, 2, 3, 2, 2, 4, 4, 1, 1, 2], device='cuda:1')
Preds:  tensor([0, 4, 1, 4, 0, 2, 4, 2, 2, 2, 0, 4, 4, 1, 1, 4], device='cuda:1')
Outputs:  tensor([[    0.7834,     0.2058,     0.0108,     0.0001,     0.0000],
        [    0.0002,     0.0001,     0.0008,     0.0552,     0.9437],
        [    0.0327,     0.7971,     0.1391,     0.0270,     0.0041],
        [    0.0001,     0.0000,     0.0002,     0.0185,     0.9811],
        [    0.9931,     0.0053,     0.0005,     0.0002,     0.0009],
        [    0.0744,     0.3415,     0.4741,     0.1078,     0.0022],
        [    0.0009,     0.0053,     0.0788,     0.4405,     0.4745],
        [    0.0005,     0.0143,     0.5556,     0.4223,     0.0073],
        [    0.1014,     0.4293,     0.4337,     0.0351,     0.0005],
        [    0.0019,     0.0357,     0.5901,     0.3526,     0.0196],
        [    0.6567,     0.2964,     0.0456,     0.0009,     0.0004],
        [    0.0000,     0.0000,     0.0008,     0.0673,     0.9318],
        [    0.0003,     0.0000,     0.0001,     0.0007,     0.9989],
        [    0.0121,     0.5072,     0.4113,     0.0607,     0.0087],
        [    0.0021,     0.9956,     0.0016,     0.0006,     0.0001],
        [    0.0034,     0.0021,     0.0231,     0.3124,     0.6590]],
       device='cuda:1')
Metric:  tensor(0.5625, device='cuda:1')
------------------------
Labels:  tensor([0, 1, 4, 2, 3, 2, 1, 0, 2, 2, 2, 0, 2, 4, 3, 4], device='cuda:0')
Preds:  tensor([0, 1, 4, 1, 0, 2, 1, 0, 1, 3, 3, 0, 2, 4, 0, 4], device='cuda:0')
Outputs:  tensor([[    0.5262,     0.4492,     0.0246,     0.0001,     0.0000],
        [    0.1305,     0.8490,     0.0203,     0.0001,     0.0000],
        [    0.0001,     0.0002,     0.0084,     0.2127,     0.7786],
        [    0.3683,     0.5119,     0.1179,     0.0017,     0.0002],
        [    0.6072,     0.2703,     0.1166,     0.0055,     0.0004],
        [    0.0255,     0.0273,     0.9102,     0.0256,     0.0114],
        [    0.1707,     0.5014,     0.3269,     0.0010,     0.0000],
        [    0.9362,     0.0616,     0.0020,     0.0001,     0.0001],
        [    0.3513,     0.3824,     0.2505,     0.0133,     0.0025],
        [    0.0003,     0.0024,     0.1201,     0.6686,     0.2085],
        [    0.0018,     0.0329,     0.4503,     0.4689,     0.0461],
        [    0.9076,     0.0881,     0.0040,     0.0002,     0.0000],
        [    0.0007,     0.0233,     0.5426,     0.4270,     0.0065],
        [    0.0002,     0.0002,     0.0079,     0.2000,     0.7918],
        [    0.5933,     0.3329,     0.0733,     0.0005,     0.0000],
        [    0.0001,     0.0002,     0.0002,     0.0179,     0.9816]],
       device='cuda:0')
Metric:  tensor(0.6250, device='cuda:0')
------------------------
Labels:  tensor([3, 2, 3, 1, 3, 4, 3, 0, 3, 1, 1, 0, 0, 3, 2, 0], device='cuda:1')
Preds:  tensor([3, 2, 3, 1, 2, 4, 3, 1, 4, 1, 1, 0, 0, 3, 2, 2], device='cuda:1')
Outputs:  tensor([[    0.0008,     0.0055,     0.3596,     0.6280,     0.0060],
        [    0.0002,     0.0133,     0.6330,     0.3473,     0.0061],
        [    0.0008,     0.0193,     0.4243,     0.5497,     0.0058],
        [    0.3997,     0.4815,     0.1177,     0.0010,     0.0001],
        [    0.0007,     0.0335,     0.9444,     0.0208,     0.0005],
        [    0.0003,     0.0003,     0.0061,     0.1905,     0.8029],
        [    0.0094,     0.0555,     0.3861,     0.4920,     0.0569],
        [    0.1894,     0.5962,     0.2131,     0.0013,     0.0000],
        [    0.0000,     0.0001,     0.0032,     0.3185,     0.6783],
        [    0.1298,     0.5983,     0.2335,     0.0342,     0.0042],
        [    0.1632,     0.5299,     0.2992,     0.0073,     0.0003],
        [    0.9499,     0.0483,     0.0017,     0.0000,     0.0000],
        [    0.6132,     0.3291,     0.0543,     0.0030,     0.0004],
        [    0.0014,     0.0306,     0.4222,     0.5189,     0.0270],
        [    0.0928,     0.3404,     0.4519,     0.0935,     0.0214],
        [    0.0498,     0.2319,     0.5967,     0.1200,     0.0016]],
       device='cuda:1')
Metric:  tensor(0.7500, device='cuda:1')
------------------------
Labels:  tensor([2, 0, 4, 4, 4, 0, 0, 2, 4, 0, 4, 0, 0, 0, 1, 2], device='cuda:1')
Preds:  tensor([2, 0, 4, 4, 4, 0, 0, 2, 4, 1, 4, 4, 0, 0, 2, 4], device='cuda:1')
Outputs:  tensor([[    0.0109,     0.0253,     0.5071,     0.3895,     0.0671],
        [    0.5180,     0.4333,     0.0464,     0.0017,     0.0006],
        [    0.0002,     0.0008,     0.0002,     0.0137,     0.9851],
        [    0.0001,     0.0000,     0.0003,     0.0423,     0.9573],
        [    0.0005,     0.0007,     0.0112,     0.2221,     0.7655],
        [    0.6011,     0.3222,     0.0721,     0.0037,     0.0009],
        [    0.7558,     0.2102,     0.0320,     0.0019,     0.0001],
        [    0.0342,     0.2554,     0.6924,     0.0178,     0.0002],
        [    0.0002,     0.0007,     0.0217,     0.2906,     0.6869],
        [    0.0817,     0.5068,     0.4041,     0.0071,     0.0002],
        [    0.0006,     0.0005,     0.0088,     0.2140,     0.7761],
        [    0.0972,     0.0687,     0.0809,     0.1244,     0.6289],
        [    0.6098,     0.3658,     0.0223,     0.0006,     0.0015],
        [    0.9131,     0.0857,     0.0012,     0.0000,     0.0000],
        [    0.0122,     0.2794,     0.6876,     0.0207,     0.0000],
        [    0.1141,     0.1741,     0.2645,     0.1134,     0.3339]],
       device='cuda:1')
Metric:  tensor(0.7500, device='cuda:1')
------------------------
Labels:  tensor([1, 1, 1, 1, 2, 1, 0, 0, 4, 4, 2, 1, 3, 0, 0, 1], device='cuda:0')
Preds:  tensor([3, 1, 2, 4, 2, 1, 0, 0, 4, 4, 2, 0, 2, 0, 0, 1], device='cuda:0')
Outputs:  tensor([[    0.0009,     0.0138,     0.2910,     0.5529,     0.1415],
        [    0.3242,     0.3816,     0.2842,     0.0094,     0.0005],
        [    0.0399,     0.3377,     0.5815,     0.0397,     0.0012],
        [    0.1569,     0.0923,     0.1710,     0.2075,     0.3722],
        [    0.0139,     0.4492,     0.4732,     0.0609,     0.0028],
        [    0.0721,     0.4503,     0.4481,     0.0245,     0.0052],
        [    0.8873,     0.0986,     0.0112,     0.0011,     0.0017],
        [    0.7474,     0.2457,     0.0069,     0.0000,     0.0000],
        [    0.0012,     0.0005,     0.0042,     0.1724,     0.8217],
        [    0.0004,     0.0001,     0.0013,     0.0523,     0.9459],
        [    0.0045,     0.1099,     0.8076,     0.0778,     0.0002],
        [    0.5138,     0.3630,     0.1053,     0.0083,     0.0096],
        [    0.0001,     0.0035,     0.6312,     0.3652,     0.0000],
        [    0.6455,     0.3228,     0.0305,     0.0011,     0.0000],
        [    0.7284,     0.2240,     0.0425,     0.0029,     0.0021],
        [    0.1855,     0.5800,     0.2314,     0.0031,     0.0001]],
       device='cuda:0')
Metric:  tensor(0.6875, device='cuda:0')
------------------------
Labels:  tensor([3, 3, 3, 2, 1, 3, 1, 1, 2, 2, 0, 3, 3, 4, 4, 2], device='cuda:0')
Preds:  tensor([3, 2, 2, 2, 1, 3, 1, 0, 2, 2, 0, 4, 2, 4, 4, 0], device='cuda:0')
Outputs:  tensor([[    0.0001,     0.0003,     0.0154,     0.5477,     0.4365],
        [    0.0003,     0.0058,     0.8360,     0.1442,     0.0137],
        [    0.0007,     0.0204,     0.7464,     0.2280,     0.0045],
        [    0.0296,     0.1859,     0.6812,     0.1023,     0.0010],
        [    0.3804,     0.5697,     0.0490,     0.0008,     0.0001],
        [    0.0257,     0.0698,     0.3940,     0.3989,     0.1116],
        [    0.2506,     0.6422,     0.1062,     0.0010,     0.0000],
        [    0.9891,     0.0107,     0.0002,     0.0000,     0.0000],
        [    0.0004,     0.0089,     0.5534,     0.4177,     0.0196],
        [    0.0552,     0.2898,     0.4634,     0.1814,     0.0101],
        [    0.5867,     0.3546,     0.0585,     0.0002,     0.0000],
        [    0.0000,     0.0000,     0.0001,     0.0096,     0.9902],
        [    0.0010,     0.0457,     0.6980,     0.2527,     0.0025],
        [    0.0001,     0.0001,     0.0026,     0.1971,     0.8001],
        [    0.0027,     0.0023,     0.0304,     0.1517,     0.8129],
        [    0.8279,     0.1597,     0.0119,     0.0004,     0.0001]],
       device='cuda:0')
Metric:  tensor(0.6250, device='cuda:0')
------------------------
Labels:  tensor([2, 3, 4, 0, 1, 3, 4, 3, 4, 2, 1, 0, 4, 4, 4, 4], device='cuda:1')
Preds:  tensor([1, 3, 4, 1, 2, 4, 4, 2, 4, 2, 0, 0, 4, 4, 3, 4], device='cuda:1')
Outputs:  tensor([[    0.0367,     0.5582,     0.4020,     0.0030,     0.0001],
        [    0.0001,     0.0004,     0.0559,     0.7850,     0.1587],
        [    0.0017,     0.0007,     0.0018,     0.0139,     0.9819],
        [    0.2735,     0.6689,     0.0570,     0.0005,     0.0001],
        [    0.0508,     0.1902,     0.4065,     0.2839,     0.0686],
        [    0.0010,     0.0014,     0.0234,     0.2450,     0.7293],
        [    0.0007,     0.0001,     0.0009,     0.0093,     0.9890],
        [    0.0056,     0.2617,     0.7255,     0.0071,     0.0001],
        [    0.0001,     0.0003,     0.0001,     0.0013,     0.9982],
        [    0.0008,     0.0296,     0.7441,     0.2203,     0.0052],
        [    0.5373,     0.4122,     0.0492,     0.0010,     0.0003],
        [    0.7953,     0.1885,     0.0159,     0.0003,     0.0000],
        [    0.0001,     0.0001,     0.0014,     0.0738,     0.9246],
        [    0.0020,     0.0013,     0.0257,     0.4094,     0.5615],
        [    0.0022,     0.0064,     0.1232,     0.6121,     0.2560],
        [    0.0003,     0.0001,     0.0021,     0.1526,     0.8449]],
       device='cuda:1')
Metric:  tensor(0.5625, device='cuda:1')
------------------------
Labels:  tensor([3, 2, 3, 2, 3, 0, 2, 4, 1, 1, 1, 1, 0, 0, 0, 0], device='cuda:1')
Preds:  tensor([4, 2, 2, 2, 4, 0, 1, 4, 2, 0, 1, 2, 0, 0, 0, 0], device='cuda:1')
Outputs:  tensor([[    0.0005,     0.0006,     0.0151,     0.2158,     0.7681],
        [    0.0273,     0.1405,     0.6081,     0.2178,     0.0062],
        [    0.0008,     0.0253,     0.9500,     0.0237,     0.0001],
        [    0.0027,     0.0280,     0.9556,     0.0134,     0.0003],
        [    0.0002,     0.0002,     0.0032,     0.1653,     0.8312],
        [    0.7711,     0.2203,     0.0085,     0.0002,     0.0000],
        [    0.4184,     0.4273,     0.1448,     0.0086,     0.0010],
        [    0.0009,     0.0005,     0.0029,     0.1095,     0.8861],
        [    0.0064,     0.1075,     0.7306,     0.1467,     0.0087],
        [    0.7596,     0.1017,     0.0436,     0.0258,     0.0693],
        [    0.2552,     0.6135,     0.1305,     0.0008,     0.0000],
        [    0.3259,     0.2501,     0.3946,     0.0265,     0.0029],
        [    0.9959,     0.0026,     0.0009,     0.0002,     0.0004],
        [    0.7351,     0.2311,     0.0310,     0.0018,     0.0009],
        [    0.9846,     0.0152,     0.0001,     0.0000,     0.0000],
        [    0.9996,     0.0003,     0.0001,     0.0000,     0.0000]],
       device='cuda:1')
Metric:  tensor(0.5625, device='cuda:1')
------------------------
Labels:  tensor([4, 0, 4, 0, 4, 1, 1, 3, 0, 4, 4, 3, 0, 2, 3, 0], device='cuda:0')
Preds:  tensor([4, 0, 4, 0, 4, 1, 1, 4, 0, 3, 4, 3, 1, 1, 4, 0], device='cuda:0')
Outputs:  tensor([[    0.0005,     0.0002,     0.0042,     0.1470,     0.8481],
        [    0.7428,     0.2163,     0.0399,     0.0009,     0.0001],
        [    0.0004,     0.0003,     0.0073,     0.2925,     0.6994],
        [    0.8580,     0.1367,     0.0052,     0.0000,     0.0000],
        [    0.0310,     0.0223,     0.0799,     0.1958,     0.6710],
        [    0.0024,     0.9815,     0.0145,     0.0014,     0.0002],
        [    0.1261,     0.5341,     0.3325,     0.0071,     0.0003],
        [    0.0280,     0.2099,     0.1492,     0.2042,     0.4087],
        [    0.9894,     0.0102,     0.0004,     0.0000,     0.0000],
        [    0.0011,     0.0057,     0.1963,     0.4285,     0.3683],
        [    0.0001,     0.0018,     0.0033,     0.2116,     0.7832],
        [    0.0003,     0.0043,     0.3218,     0.6338,     0.0398],
        [    0.2939,     0.6587,     0.0473,     0.0001,     0.0000],
        [    0.1266,     0.4981,     0.3592,     0.0160,     0.0002],
        [    0.0001,     0.0001,     0.0036,     0.2915,     0.7047],
        [    0.9194,     0.0760,     0.0045,     0.0001,     0.0000]],
       device='cuda:0')
Metric:  tensor(0.6875, device='cuda:0')
------------------------
Labels:  tensor([4, 4, 4, 2, 3, 2, 4, 1, 2, 1, 1, 2, 0, 1, 0, 1], device='cuda:1')
Preds:  tensor([4, 4, 4, 1, 2, 3, 4, 1, 2, 2, 1, 2, 0, 0, 0, 2], device='cuda:1')
Outputs:  tensor([[    0.0001,     0.0003,     0.0101,     0.1346,     0.8549],
        [    0.0002,     0.0001,     0.0065,     0.2778,     0.7154],
        [    0.0002,     0.0001,     0.0012,     0.0374,     0.9611],
        [    0.1977,     0.5720,     0.2285,     0.0017,     0.0000],
        [    0.0028,     0.0231,     0.6251,     0.2866,     0.0624],
        [    0.0001,     0.0017,     0.0993,     0.7676,     0.1312],
        [    0.0009,     0.0003,     0.0012,     0.0076,     0.9900],
        [    0.1040,     0.5158,     0.3466,     0.0327,     0.0008],
        [    0.0012,     0.0882,     0.8740,     0.0365,     0.0001],
        [    0.0319,     0.2789,     0.6081,     0.0801,     0.0010],
        [    0.3130,     0.3409,     0.2806,     0.0627,     0.0028],
        [    0.0024,     0.1556,     0.8229,     0.0190,     0.0002],
        [    0.9930,     0.0069,     0.0001,     0.0000,     0.0000],
        [    0.6873,     0.2907,     0.0216,     0.0004,     0.0000],
        [    0.7771,     0.2143,     0.0084,     0.0002,     0.0000],
        [    0.0048,     0.0952,     0.7364,     0.1626,     0.0010]],
       device='cuda:1')
Metric:  tensor(0.6250, device='cuda:1')
------------------------
Labels:  tensor([4, 1, 1, 0, 0, 1, 2, 4, 2, 4, 4, 1, 0, 1, 2, 1], device='cuda:0')
Preds:  tensor([4, 1, 0, 0, 0, 1, 2, 4, 2, 4, 4, 0, 0, 0, 2, 0], device='cuda:0')
Outputs:  tensor([[    0.0008,     0.0006,     0.0023,     0.0630,     0.9332],
        [    0.2371,     0.6294,     0.1299,     0.0032,     0.0003],
        [    0.9582,     0.0410,     0.0008,     0.0000,     0.0000],
        [    0.8641,     0.1271,     0.0082,     0.0003,     0.0003],
        [    0.7849,     0.2041,     0.0104,     0.0004,     0.0002],
        [    0.0686,     0.6299,     0.3006,     0.0008,     0.0000],
        [    0.0589,     0.2827,     0.4864,     0.1527,     0.0194],
        [    0.0000,     0.0000,     0.0002,     0.1216,     0.8782],
        [    0.0167,     0.3421,     0.6235,     0.0177,     0.0000],
        [    0.0016,     0.0010,     0.0090,     0.3314,     0.6569],
        [    0.0102,     0.0078,     0.0354,     0.0616,     0.8851],
        [    0.4469,     0.0966,     0.0958,     0.1026,     0.2582],
        [    0.9121,     0.0864,     0.0014,     0.0000,     0.0000],
        [    0.5520,     0.3223,     0.1201,     0.0045,     0.0010],
        [    0.1167,     0.2698,     0.4849,     0.1203,     0.0082],
        [    0.5901,     0.3073,     0.0971,     0.0050,     0.0006]],
       device='cuda:0')
Metric:  tensor(0.7500, device='cuda:0')
------------------------
Labels:  tensor([1, 1, 2, 1, 1, 4, 1, 4, 4, 1, 3, 2, 4, 3, 3, 4], device='cuda:1')
Preds:  tensor([2, 1, 2, 0, 1, 4, 0, 3, 4, 1, 2, 2, 4, 2, 4, 4], device='cuda:1')
Outputs:  tensor([[    0.0397,     0.1666,     0.4744,     0.2470,     0.0724],
        [    0.1297,     0.4515,     0.3941,     0.0242,     0.0005],
        [    0.0292,     0.2363,     0.6191,     0.1152,     0.0002],
        [    0.6291,     0.2890,     0.0812,     0.0007,     0.0000],
        [    0.3065,     0.6090,     0.0841,     0.0003,     0.0000],
        [    0.0023,     0.0024,     0.0064,     0.0870,     0.9018],
        [    0.6488,     0.3164,     0.0336,     0.0009,     0.0002],
        [    0.0001,     0.0001,     0.0064,     0.5904,     0.4029],
        [    0.0011,     0.0006,     0.0021,     0.0470,     0.9492],
        [    0.3160,     0.5925,     0.0904,     0.0011,     0.0000],
        [    0.0092,     0.1175,     0.8123,     0.0610,     0.0001],
        [    0.0008,     0.1003,     0.7122,     0.1839,     0.0029],
        [    0.0002,     0.0003,     0.0037,     0.1500,     0.8458],
        [    0.0002,     0.0107,     0.6840,     0.2955,     0.0096],
        [    0.0004,     0.0003,     0.0111,     0.1260,     0.8622],
        [    0.0001,     0.0003,     0.0122,     0.4320,     0.5553]],
       device='cuda:1')
Metric:  tensor(0.5625, device='cuda:1')
------------------------
Labels:  tensor([2, 0, 1, 3, 4, 2, 0, 0, 2, 1, 0, 1, 1, 2, 3, 4], device='cuda:0')
Preds:  tensor([4, 0, 2, 2, 4, 2, 1, 0, 1, 0, 0, 0, 0, 1, 4, 4], device='cuda:0')
Outputs:  tensor([[    0.0001,     0.0001,     0.0029,     0.1773,     0.8197],
        [    0.8379,     0.1444,     0.0171,     0.0004,     0.0001],
        [    0.0016,     0.0580,     0.8535,     0.0867,     0.0001],
        [    0.0007,     0.0467,     0.9239,     0.0285,     0.0001],
        [    0.0020,     0.0007,     0.0038,     0.0320,     0.9615],
        [    0.0048,     0.1848,     0.6285,     0.1799,     0.0019],
        [    0.4075,     0.4944,     0.0968,     0.0012,     0.0000],
        [    0.8230,     0.1472,     0.0295,     0.0003,     0.0000],
        [    0.0413,     0.7891,     0.1492,     0.0186,     0.0017],
        [    0.5409,     0.3473,     0.0979,     0.0087,     0.0051],
        [    0.9934,     0.0065,     0.0001,     0.0000,     0.0000],
        [    0.6669,     0.2484,     0.0809,     0.0038,     0.0000],
        [    0.7970,     0.1411,     0.0550,     0.0051,     0.0018],
        [    0.0181,     0.7984,     0.1580,     0.0238,     0.0016],
        [    0.0010,     0.0030,     0.0583,     0.3772,     0.5605],
        [    0.0001,     0.0001,     0.0001,     0.0412,     0.9585]],
       device='cuda:0')
Metric:  tensor(0.3750, device='cuda:0')
------------------------
Labels:  tensor([4, 4, 2, 0, 0, 4, 4, 1, 4, 2, 0, 1, 1, 2, 2, 1], device='cuda:1')
Preds:  tensor([4, 4, 1, 3, 0, 4, 4, 1, 4, 2, 3, 1, 2, 1, 2, 2], device='cuda:1')
Outputs:  tensor([[    0.0010,     0.0004,     0.0061,     0.0923,     0.9002],
        [    0.0011,     0.0007,     0.0046,     0.1337,     0.8599],
        [    0.4297,     0.4984,     0.0691,     0.0026,     0.0002],
        [    0.0005,     0.0028,     0.0970,     0.5488,     0.3509],
        [    0.4560,     0.1939,     0.2311,     0.0704,     0.0486],
        [    0.0020,     0.0012,     0.0044,     0.0352,     0.9572],
        [    0.0008,     0.0005,     0.0074,     0.1932,     0.7981],
        [    0.1927,     0.6393,     0.1671,     0.0009,     0.0000],
        [    0.0001,     0.0002,     0.0077,     0.1984,     0.7936],
        [    0.0554,     0.1984,     0.5766,     0.1616,     0.0081],
        [    0.0007,     0.0107,     0.3281,     0.5917,     0.0689],
        [    0.3098,     0.3726,     0.2480,     0.0537,     0.0160],
        [    0.0030,     0.0706,     0.9069,     0.0192,     0.0003],
        [    0.1911,     0.5328,     0.2671,     0.0089,     0.0001],
        [    0.0291,     0.3266,     0.4276,     0.2027,     0.0140],
        [    0.0182,     0.3365,     0.6234,     0.0216,     0.0004]],
       device='cuda:1')
Metric:  tensor(0.6250, device='cuda:1')
------------------------
Mean loss[0.9300561165187113] | Mean metric[0.6012384089799903]
Stupid loss[0.0] | Naive soulution metric[0.2]
Freezed:  module.transformer.wte.weight
Freezed:  module.transformer.wpe.weight
Freezed:  module.transformer.h.0.ln_1.weight
Freezed:  module.transformer.h.0.ln_1.bias
Freezed:  module.transformer.h.0.attn.c_attn.weight
Freezed:  module.transformer.h.0.attn.c_attn.bias
Freezed:  module.transformer.h.0.attn.c_proj.weight
Freezed:  module.transformer.h.0.attn.c_proj.bias
Freezed:  module.transformer.h.0.ln_2.weight
Freezed:  module.transformer.h.0.ln_2.bias
Freezed:  module.transformer.h.0.mlp.c_fc.weight
Freezed:  module.transformer.h.0.mlp.c_fc.bias
Freezed:  module.transformer.h.0.mlp.c_proj.weight
Freezed:  module.transformer.h.0.mlp.c_proj.bias
Freezed:  module.transformer.h.1.ln_1.weight
Freezed:  module.transformer.h.1.ln_1.bias
Freezed:  module.transformer.h.1.attn.c_attn.weight
Freezed:  module.transformer.h.1.attn.c_attn.bias
Freezed:  module.transformer.h.1.attn.c_proj.weight
Freezed:  module.transformer.h.1.attn.c_proj.bias
Freezed:  module.transformer.h.1.ln_2.weight
Freezed:  module.transformer.h.1.ln_2.bias
Freezed:  module.transformer.h.1.mlp.c_fc.weight
Freezed:  module.transformer.h.1.mlp.c_fc.bias
Freezed:  module.transformer.h.1.mlp.c_proj.weight
Freezed:  module.transformer.h.1.mlp.c_proj.bias
Freezed:  module.transformer.h.2.ln_1.weight
Freezed:  module.transformer.h.2.ln_1.bias
Freezed:  module.transformer.h.2.attn.c_attn.weight
Freezed:  module.transformer.h.2.attn.c_attn.bias
Freezed:  module.transformer.h.2.attn.c_proj.weight
Freezed:  module.transformer.h.2.attn.c_proj.bias
Freezed:  module.transformer.h.2.ln_2.weight
Freezed:  module.transformer.h.2.ln_2.bias
Freezed:  module.transformer.h.2.mlp.c_fc.weight
Freezed:  module.transformer.h.2.mlp.c_fc.bias
Freezed:  module.transformer.h.2.mlp.c_proj.weight
Freezed:  module.transformer.h.2.mlp.c_proj.bias
Freezed:  module.transformer.h.3.ln_1.weight
Freezed:  module.transformer.h.3.ln_1.bias
Freezed:  module.transformer.h.3.attn.c_attn.weight
Freezed:  module.transformer.h.3.attn.c_attn.bias
Freezed:  module.transformer.h.3.attn.c_proj.weight
Freezed:  module.transformer.h.3.attn.c_proj.bias
Freezed:  module.transformer.h.3.ln_2.weight
Freezed:  module.transformer.h.3.ln_2.bias
Freezed:  module.transformer.h.3.mlp.c_fc.weight
Freezed:  module.transformer.h.3.mlp.c_fc.bias
Freezed:  module.transformer.h.3.mlp.c_proj.weight
Freezed:  module.transformer.h.3.mlp.c_proj.bias
Freezed:  module.transformer.h.4.ln_1.weight
Freezed:  module.transformer.h.4.ln_1.bias
Freezed:  module.transformer.h.4.attn.c_attn.weight
Freezed:  module.transformer.h.4.attn.c_attn.bias
Freezed:  module.transformer.h.4.attn.c_proj.weight
Freezed:  module.transformer.h.4.attn.c_proj.bias
Freezed:  module.transformer.h.4.ln_2.weight
Freezed:  module.transformer.h.4.ln_2.bias
Freezed:  module.transformer.h.4.mlp.c_fc.weight
Freezed:  module.transformer.h.4.mlp.c_fc.bias
Freezed:  module.transformer.h.4.mlp.c_proj.weight
Freezed:  module.transformer.h.4.mlp.c_proj.bias
Freezed:  module.transformer.h.5.ln_1.weight
Freezed:  module.transformer.h.5.ln_1.bias
Freezed:  module.transformer.h.5.attn.c_attn.weight
Freezed:  module.transformer.h.5.attn.c_attn.bias
Freezed:  module.transformer.h.5.attn.c_proj.weight
Freezed:  module.transformer.h.5.attn.c_proj.bias
Freezed:  module.transformer.h.5.ln_2.weight
Freezed:  module.transformer.h.5.ln_2.bias
Freezed:  module.transformer.h.5.mlp.c_fc.weight
Freezed:  module.transformer.h.5.mlp.c_fc.bias
Freezed:  module.transformer.h.5.mlp.c_proj.weight
Freezed:  module.transformer.h.5.mlp.c_proj.bias
EPOCH 4
--------------
Labels:  tensor([1, 1, 2, 4, 2, 4, 0, 2, 3, 2, 0, 1, 1, 3, 2, 0], device='cuda:0')
Preds:  tensor([1, 2, 2, 4, 0, 4, 0, 4, 4, 2, 0, 2, 0, 3, 4, 1], device='cuda:0')
Outputs:  tensor([[    0.2539,     0.5352,     0.2104,     0.0005,     0.0000],
        [    0.0888,     0.3619,     0.4273,     0.0851,     0.0370],
        [    0.0001,     0.0028,     0.9957,     0.0014,     0.0000],
        [    0.0001,     0.0002,     0.0003,     0.0466,     0.9528],
        [    0.7471,     0.1827,     0.0664,     0.0034,     0.0004],
        [    0.0003,     0.0001,     0.0004,     0.0154,     0.9838],
        [    0.9830,     0.0168,     0.0001,     0.0000,     0.0000],
        [    0.0001,     0.0000,     0.0013,     0.1139,     0.8847],
        [    0.0000,     0.0000,     0.0033,     0.3747,     0.6219],
        [    0.0581,     0.4051,     0.5317,     0.0050,     0.0000],
        [    0.4068,     0.3372,     0.2150,     0.0403,     0.0007],
        [    0.0120,     0.1799,     0.7212,     0.0856,     0.0013],
        [    0.7180,     0.2156,     0.0400,     0.0076,     0.0188],
        [    0.0017,     0.0026,     0.0395,     0.5978,     0.3584],
        [    0.0088,     0.0018,     0.0052,     0.0204,     0.9638],
        [    0.0889,     0.5615,     0.3355,     0.0141,     0.0001]],
       device='cuda:0')
Metric:  tensor(0.5000, device='cuda:0')
------------------------
Mean loss[0.9332406294380763] | Mean metric[0.6061188384577842]
Stupid loss[0.0] | Naive soulution metric[0.2]
Freezed:  module.transformer.wte.weight
Freezed:  module.transformer.wpe.weight
Freezed:  module.transformer.h.0.ln_1.weight
Freezed:  module.transformer.h.0.ln_1.bias
Freezed:  module.transformer.h.0.attn.c_attn.weight
Freezed:  module.transformer.h.0.attn.c_attn.bias
Freezed:  module.transformer.h.0.attn.c_proj.weight
Freezed:  module.transformer.h.0.attn.c_proj.bias
Freezed:  module.transformer.h.0.ln_2.weight
Freezed:  module.transformer.h.0.ln_2.bias
Freezed:  module.transformer.h.0.mlp.c_fc.weight
Freezed:  module.transformer.h.0.mlp.c_fc.bias
Freezed:  module.transformer.h.0.mlp.c_proj.weight
Freezed:  module.transformer.h.0.mlp.c_proj.bias
Freezed:  module.transformer.h.1.ln_1.weight
Freezed:  module.transformer.h.1.ln_1.bias
Freezed:  module.transformer.h.1.attn.c_attn.weight
Freezed:  module.transformer.h.1.attn.c_attn.bias
Freezed:  module.transformer.h.1.attn.c_proj.weight
Freezed:  module.transformer.h.1.attn.c_proj.bias
Freezed:  module.transformer.h.1.ln_2.weight
Freezed:  module.transformer.h.1.ln_2.bias
Freezed:  module.transformer.h.1.mlp.c_fc.weight
Freezed:  module.transformer.h.1.mlp.c_fc.bias
Freezed:  module.transformer.h.1.mlp.c_proj.weight
Freezed:  module.transformer.h.1.mlp.c_proj.bias
Freezed:  module.transformer.h.2.ln_1.weight
Freezed:  module.transformer.h.2.ln_1.bias
Freezed:  module.transformer.h.2.attn.c_attn.weight
Freezed:  module.transformer.h.2.attn.c_attn.bias
Freezed:  module.transformer.h.2.attn.c_proj.weight
Freezed:  module.transformer.h.2.attn.c_proj.bias
Freezed:  module.transformer.h.2.ln_2.weight
Freezed:  module.transformer.h.2.ln_2.bias
Freezed:  module.transformer.h.2.mlp.c_fc.weight
Freezed:  module.transformer.h.2.mlp.c_fc.bias
Freezed:  module.transformer.h.2.mlp.c_proj.weight
Freezed:  module.transformer.h.2.mlp.c_proj.bias
Freezed:  module.transformer.h.3.ln_1.weight
Freezed:  module.transformer.h.3.ln_1.bias
Freezed:  module.transformer.h.3.attn.c_attn.weight
Freezed:  module.transformer.h.3.attn.c_attn.bias
Freezed:  module.transformer.h.3.attn.c_proj.weight
Freezed:  module.transformer.h.3.attn.c_proj.bias
Freezed:  module.transformer.h.3.ln_2.weight
Freezed:  module.transformer.h.3.ln_2.bias
Freezed:  module.transformer.h.3.mlp.c_fc.weight
Freezed:  module.transformer.h.3.mlp.c_fc.bias
Freezed:  module.transformer.h.3.mlp.c_proj.weight
Freezed:  module.transformer.h.3.mlp.c_proj.bias
Freezed:  module.transformer.h.4.ln_1.weight
Freezed:  module.transformer.h.4.ln_1.bias
Freezed:  module.transformer.h.4.attn.c_attn.weight
Freezed:  module.transformer.h.4.attn.c_attn.bias
Freezed:  module.transformer.h.4.attn.c_proj.weight
Freezed:  module.transformer.h.4.attn.c_proj.bias
Freezed:  module.transformer.h.4.ln_2.weight
Freezed:  module.transformer.h.4.ln_2.bias
Freezed:  module.transformer.h.4.mlp.c_fc.weight
Freezed:  module.transformer.h.4.mlp.c_fc.bias
Freezed:  module.transformer.h.4.mlp.c_proj.weight
Freezed:  module.transformer.h.4.mlp.c_proj.bias
Freezed:  module.transformer.h.5.ln_1.weight
Freezed:  module.transformer.h.5.ln_1.bias
Freezed:  module.transformer.h.5.attn.c_attn.weight
Freezed:  module.transformer.h.5.attn.c_attn.bias
Freezed:  module.transformer.h.5.attn.c_proj.weight
Freezed:  module.transformer.h.5.attn.c_proj.bias
Freezed:  module.transformer.h.5.ln_2.weight
Freezed:  module.transformer.h.5.ln_2.bias
Freezed:  module.transformer.h.5.mlp.c_fc.weight
Freezed:  module.transformer.h.5.mlp.c_fc.bias
Freezed:  module.transformer.h.5.mlp.c_proj.weight
Freezed:  module.transformer.h.5.mlp.c_proj.bias
EPOCH 4
--------------
Labels:  tensor([0, 4, 0, 3, 0, 1, 2, 1, 4, 2, 1, 1, 4, 3, 1, 3], device='cuda:1')
Preds:  tensor([0, 4, 0, 3, 0, 0, 2, 2, 3, 3, 1, 2, 4, 3, 1, 2], device='cuda:1')
Outputs:  tensor([[    0.5339,     0.4471,     0.0168,     0.0005,     0.0017],
        [    0.0007,     0.0014,     0.0085,     0.1036,     0.8858],
        [    0.8690,     0.1163,     0.0130,     0.0014,     0.0002],
        [    0.0000,     0.0004,     0.0439,     0.7526,     0.2031],
        [    0.8435,     0.1547,     0.0018,     0.0000,     0.0000],
        [    0.6450,     0.3105,     0.0430,     0.0015,     0.0001],
        [    0.1392,     0.3631,     0.4062,     0.0696,     0.0217],
        [    0.0258,     0.4016,     0.5570,     0.0150,     0.0006],
        [    0.0390,     0.0796,     0.3871,     0.4298,     0.0644],
        [    0.0003,     0.0053,     0.3184,     0.5996,     0.0765],
        [    0.0273,     0.5774,     0.3826,     0.0121,     0.0006],
        [    0.0105,     0.1496,     0.7514,     0.0860,     0.0025],
        [    0.0002,     0.0001,     0.0016,     0.2146,     0.7834],
        [    0.0000,     0.0001,     0.0435,     0.8942,     0.0622],
        [    0.0826,     0.4626,     0.4393,     0.0145,     0.0009],
        [    0.0053,     0.2746,     0.3823,     0.2985,     0.0393]],
       device='cuda:1')
Metric:  tensor(0.6250, device='cuda:1')
------------------------
Mean loss[0.9261952450270767] | Mean metric[0.6032210834553441]
