Node IP: 10.128.2.151
WARNING:torch.distributed.run:
*****************************************
Setting OMP_NUM_THREADS environment variable for each process to be 1 in default, to avoid your system being overloaded, please further tune the variable for optimal performance in your application as needed. 
*****************************************
WARNING:torch.distributed.run:
*****************************************
Setting OMP_NUM_THREADS environment variable for each process to be 1 in default, to avoid your system being overloaded, please further tune the variable for optimal performance in your application as needed. 
*****************************************
INFO:torch.distributed.launcher.api:Starting elastic_operator with launch configs:
  entrypoint       : train.py
  min_nodes        : 2
  max_nodes        : 2
  nproc_per_node   : 2
  run_id           : 1983
  rdzv_backend     : c10d
  rdzv_endpoint    : 10.128.2.151:29500
  rdzv_configs     : {'timeout': 900}
  max_restarts     : 0
  monitor_interval : 5
  log_dir          : None
  metrics_cfg      : {}

INFO:torch.distributed.launcher.api:Starting elastic_operator with launch configs:
  entrypoint       : train.py
  min_nodes        : 2
  max_nodes        : 2
  nproc_per_node   : 2
  run_id           : 1983
  rdzv_backend     : c10d
  rdzv_endpoint    : 10.128.2.151:29500
  rdzv_configs     : {'timeout': 900}
  max_restarts     : 0
  monitor_interval : 5
  log_dir          : None
  metrics_cfg      : {}

INFO:torch.distributed.elastic.agent.server.local_elastic_agent:log directory set to: /tmp/torchelastic_b6_z3b8u/1983_zob9s5gn
INFO:torch.distributed.elastic.agent.server.api:[default] starting workers for entrypoint: python
INFO:torch.distributed.elastic.agent.server.api:[default] Rendezvous'ing worker group
INFO:torch.distributed.elastic.agent.server.local_elastic_agent:log directory set to: /tmp/torchelastic_2s6mf0br/1983_pwhac_nx
INFO:torch.distributed.elastic.agent.server.api:[default] starting workers for entrypoint: python
INFO:torch.distributed.elastic.agent.server.api:[default] Rendezvous'ing worker group
INFO:torch.distributed.elastic.agent.server.api:[default] Rendezvous complete for workers. Result:
  restart_count=0
  master_addr=gpu001.hpc
  master_port=43011
  group_rank=0
  group_world_size=2
  local_ranks=[0, 1]
  role_ranks=[0, 1]
  global_ranks=[0, 1]
  role_world_sizes=[4, 4]
  global_world_sizes=[4, 4]

INFO:torch.distributed.elastic.agent.server.api:[default] Starting worker group
INFO:torch.distributed.elastic.agent.server.api:[default] Rendezvous complete for workers. Result:
  restart_count=0
  master_addr=gpu001.hpc
  master_port=43011
  group_rank=1
  group_world_size=2
  local_ranks=[0, 1]
  role_ranks=[2, 3]
  global_ranks=[2, 3]
  role_world_sizes=[4, 4]
  global_world_sizes=[4, 4]

INFO:torch.distributed.elastic.agent.server.api:[default] Starting worker group
INFO:torch.distributed.elastic.agent.server.local_elastic_agent:Environment variable 'TORCHELASTIC_ENABLE_FILE_TIMER' not found. Do not start FileTimerServer.
INFO:torch.distributed.elastic.multiprocessing:Setting worker0 reply file to: /tmp/torchelastic_b6_z3b8u/1983_zob9s5gn/attempt_0/0/error.json
INFO:torch.distributed.elastic.multiprocessing:Setting worker1 reply file to: /tmp/torchelastic_b6_z3b8u/1983_zob9s5gn/attempt_0/1/error.json
INFO:torch.distributed.elastic.agent.server.local_elastic_agent:Environment variable 'TORCHELASTIC_ENABLE_FILE_TIMER' not found. Do not start FileTimerServer.
INFO:torch.distributed.elastic.multiprocessing:Setting worker0 reply file to: /tmp/torchelastic_2s6mf0br/1983_pwhac_nx/attempt_0/0/error.json
INFO:torch.distributed.elastic.multiprocessing:Setting worker1 reply file to: /tmp/torchelastic_2s6mf0br/1983_pwhac_nx/attempt_0/1/error.json
/u/dssc/msanna00/.conda/envs/deeplearning3/lib/python3.7/site-packages/torch/cuda/__init__.py:497: UserWarning: Can't initialize NVML
  warnings.warn("Can't initialize NVML")
/u/dssc/msanna00/.conda/envs/deeplearning3/lib/python3.7/site-packages/torch/cuda/__init__.py:497: UserWarning: Can't initialize NVML
  warnings.warn("Can't initialize NVML")
PORT:  43011
WORLD SIZE:  4
MASTER NODE:  gpu001.hpc
My slurm id is:  0
My rank is:  0
PORT:  43011
WORLD SIZE:  4
MASTER NODE:  gpu001.hpc
My slurm id is:  0
My rank is:  1
PORT:  43011
WORLD SIZE:  4
MASTER NODE:  gpu001.hpc
My slurm id is:  1
My rank is:  2
PORT:  43011
WORLD SIZE:  4
MASTER NODE:  gpu001.hpc
My slurm id is:  1
My rank is:  3
Some weights of GPT2ForSequenceClassification were not initialized from the model checkpoint at gpt2 and are newly initialized: ['score.weight']
You should probably TRAIN this model on a down-stream task to be able to use it for predictions and inference.
Some weights of GPT2ForSequenceClassification were not initialized from the model checkpoint at gpt2 and are newly initialized: ['score.weight']
You should probably TRAIN this model on a down-stream task to be able to use it for predictions and inference.
Some weights of GPT2ForSequenceClassification were not initialized from the model checkpoint at gpt2 and are newly initialized: ['score.weight']
You should probably TRAIN this model on a down-stream task to be able to use it for predictions and inference.
Some weights of GPT2ForSequenceClassification were not initialized from the model checkpoint at gpt2 and are newly initialized: ['score.weight']
You should probably TRAIN this model on a down-stream task to be able to use it for predictions and inference.
------------------------

------------------------

------------------------

------------------------

Loading checkpoint...
Loading checkpoint...
Loading checkpoint...Loading checkpoint...

Retrieving epoch...
Loading model state...
Loading scheduler state...
Loading optmizer state...
LOADED!
I'm process 0 using GPU 0
Retrieving epoch...
Loading model state...
Loading scheduler state...
Loading optmizer state...
LOADED!
I'm process 1 using GPU 1
Labels:  tensor([2, 2, 1, 1, 1, 4, 4, 4, 3, 2, 0, 3, 3, 4, 0, 3], device='cuda:0')
Preds:  tensor([4, 3, 2, 1, 0, 4, 4, 4, 2, 2, 1, 2, 4, 4, 0, 3], device='cuda:0')
Outputs:  tensor([[    0.0002,     0.0007,     0.0277,     0.4322,     0.5392],
        [    0.0004,     0.0031,     0.0628,     0.8041,     0.1297],
        [    0.0124,     0.0762,     0.5001,     0.3358,     0.0755],
        [    0.0949,     0.4975,     0.3801,     0.0264,     0.0011],
        [    0.6612,     0.3163,     0.0217,     0.0005,     0.0003],
        [    0.0002,     0.0003,     0.0057,     0.1182,     0.8756],
        [    0.0009,     0.0003,     0.0027,     0.0560,     0.9400],
        [    0.0025,     0.0027,     0.0160,     0.1302,     0.8485],
        [    0.0094,     0.0593,     0.6898,     0.2040,     0.0374],
        [    0.0057,     0.0839,     0.5617,     0.3346,     0.0139],
        [    0.0386,     0.5210,     0.3844,     0.0447,     0.0114],
        [    0.0029,     0.1266,     0.5285,     0.2567,     0.0853],
        [    0.0002,     0.0013,     0.0156,     0.3516,     0.6313],
        [    0.0001,     0.0006,     0.0021,     0.1285,     0.8686],
        [    0.9396,     0.0594,     0.0010,     0.0000,     0.0000],
        [    0.0000,     0.0001,     0.0270,     0.8755,     0.0974]],
       device='cuda:0')
Metric:  tensor(0.5000, device='cuda:0')
------------------------
Retrieving epoch...
Loading model state...
Retrieving epoch...
Loading model state...
Loading scheduler state...
Loading optmizer state...
Loading scheduler state...
Loading optmizer state...
LOADED!
I'm process 2 using GPU 0
LOADED!
I'm process 3 using GPU 1
Labels:  tensor([0, 4, 2, 3, 0, 1, 2, 2, 3, 2, 2, 4, 4, 1, 1, 2], device='cuda:1')
Preds:  tensor([0, 4, 1, 4, 0, 2, 4, 2, 1, 2, 0, 4, 4, 1, 1, 4], device='cuda:1')
Outputs:  tensor([[    0.5910,     0.3958,     0.0131,     0.0001,     0.0001],
        [    0.0006,     0.0003,     0.0014,     0.0856,     0.9121],
        [    0.0164,     0.7001,     0.1900,     0.0718,     0.0217],
        [    0.0001,     0.0000,     0.0002,     0.0203,     0.9794],
        [    0.9959,     0.0036,     0.0003,     0.0000,     0.0002],
        [    0.0767,     0.3306,     0.4481,     0.1352,     0.0093],
        [    0.0029,     0.0159,     0.0755,     0.3369,     0.5688],
        [    0.0012,     0.0278,     0.5996,     0.3614,     0.0100],
        [    0.1256,     0.5087,     0.3441,     0.0207,     0.0010],
        [    0.0071,     0.0846,     0.5692,     0.3078,     0.0314],
        [    0.6584,     0.2712,     0.0620,     0.0036,     0.0048],
        [    0.0002,     0.0002,     0.0032,     0.1303,     0.8661],
        [    0.0004,     0.0001,     0.0002,     0.0024,     0.9968],
        [    0.0096,     0.5409,     0.3872,     0.0548,     0.0075],
        [    0.0008,     0.9980,     0.0008,     0.0003,     0.0001],
        [    0.0377,     0.0224,     0.0545,     0.2528,     0.6326]],
       device='cuda:1')
Metric:  tensor(0.5625, device='cuda:1')
------------------------
Labels:  tensor([3, 0, 0, 1, 0, 3, 0, 0, 3, 1, 4, 4, 4, 1, 2, 0], device='cuda:1')
Preds:  tensor([3, 0, 2, 1, 0, 2, 0, 1, 3, 1, 0, 2, 4, 1, 2, 0], device='cuda:1')
Outputs:  tensor([[    0.0004,     0.0011,     0.0366,     0.5727,     0.3892],
        [    0.7017,     0.2556,     0.0359,     0.0025,     0.0044],
        [    0.1911,     0.3601,     0.4029,     0.0390,     0.0070],
        [    0.2163,     0.5771,     0.2014,     0.0045,     0.0007],
        [    0.8087,     0.1660,     0.0251,     0.0002,     0.0000],
        [    0.0944,     0.3684,     0.4774,     0.0530,     0.0068],
        [    0.8966,     0.0977,     0.0057,     0.0000,     0.0000],
        [    0.2578,     0.6989,     0.0407,     0.0022,     0.0005],
        [    0.0000,     0.0016,     0.1606,     0.7416,     0.0962],
        [    0.1577,     0.5844,     0.2477,     0.0091,     0.0010],
        [    0.2756,     0.1727,     0.2729,     0.1116,     0.1671],
        [    0.1134,     0.1016,     0.3810,     0.2518,     0.1522],
        [    0.0005,     0.0004,     0.0049,     0.1764,     0.8178],
        [    0.2291,     0.5394,     0.1327,     0.0563,     0.0426],
        [    0.0073,     0.1846,     0.7465,     0.0577,     0.0039],
        [    0.9892,     0.0107,     0.0001,     0.0000,     0.0000]],
       device='cuda:1')
Metric:  tensor(0.6875, device='cuda:1')
------------------------
Labels:  tensor([3, 1, 1, 4, 0, 2, 4, 1, 3, 0, 2, 3, 2, 2, 4, 4], device='cuda:0')
Preds:  tensor([3, 1, 1, 4, 0, 2, 4, 1, 2, 0, 1, 4, 1, 2, 4, 4], device='cuda:0')
Outputs:  tensor([[    0.0001,     0.0028,     0.0307,     0.9658,     0.0006],
        [    0.4415,     0.4904,     0.0667,     0.0010,     0.0003],
        [    0.3490,     0.4554,     0.1816,     0.0120,     0.0020],
        [    0.0015,     0.0006,     0.0042,     0.0748,     0.9188],
        [    0.5573,     0.1555,     0.1217,     0.0670,     0.0985],
        [    0.0030,     0.1608,     0.7032,     0.1304,     0.0026],
        [    0.0060,     0.0030,     0.0143,     0.1839,     0.7928],
        [    0.4073,     0.5467,     0.0458,     0.0001,     0.0000],
        [    0.0002,     0.0046,     0.5008,     0.4751,     0.0193],
        [    0.5301,     0.2459,     0.1884,     0.0351,     0.0006],
        [    0.1176,     0.5312,     0.3432,     0.0071,     0.0009],
        [    0.0004,     0.0003,     0.0038,     0.2129,     0.7826],
        [    0.0405,     0.6691,     0.2880,     0.0024,     0.0000],
        [    0.0484,     0.2608,     0.4943,     0.1467,     0.0498],
        [    0.0002,     0.0004,     0.0169,     0.4417,     0.5408],
        [    0.0004,     0.0003,     0.0030,     0.1172,     0.8791]],
       device='cuda:0')
Metric:  tensor(0.7500, device='cuda:0')
------------------------
Labels:  tensor([1, 1, 1, 1, 2, 1, 0, 0, 4, 4, 2, 1, 3, 0, 0, 1], device='cuda:0')
Preds:  tensor([3, 2, 2, 4, 1, 2, 0, 0, 4, 4, 2, 1, 3, 0, 0, 1], device='cuda:0')
Outputs:  tensor([[    0.0027,     0.0292,     0.3770,     0.4708,     0.1204],
        [    0.2689,     0.3329,     0.3593,     0.0351,     0.0039],
        [    0.0492,     0.4547,     0.4682,     0.0262,     0.0016],
        [    0.2262,     0.1289,     0.1694,     0.2204,     0.2552],
        [    0.0210,     0.4561,     0.4407,     0.0729,     0.0093],
        [    0.0545,     0.3519,     0.5052,     0.0646,     0.0238],
        [    0.9290,     0.0572,     0.0099,     0.0012,     0.0027],
        [    0.8573,     0.1391,     0.0034,     0.0001,     0.0001],
        [    0.0015,     0.0008,     0.0048,     0.1570,     0.8359],
        [    0.0005,     0.0002,     0.0012,     0.0444,     0.9538],
        [    0.0095,     0.2004,     0.7341,     0.0553,     0.0007],
        [    0.3067,     0.5193,     0.1603,     0.0089,     0.0048],
        [    0.0001,     0.0021,     0.1478,     0.8495,     0.0004],
        [    0.5216,     0.4455,     0.0319,     0.0010,     0.0000],
        [    0.7048,     0.1906,     0.0604,     0.0175,     0.0267],
        [    0.1740,     0.5960,     0.2244,     0.0052,     0.0004]],
       device='cuda:0')
Metric:  tensor(0.6250, device='cuda:0')
------------------------
Labels:  tensor([2, 0, 4, 4, 4, 0, 0, 2, 4, 0, 4, 0, 0, 0, 1, 2], device='cuda:1')
Preds:  tensor([3, 0, 4, 4, 4, 0, 0, 2, 3, 1, 3, 4, 0, 0, 2, 4], device='cuda:1')
Outputs:  tensor([[    0.0524,     0.0958,     0.3616,     0.4005,     0.0897],
        [    0.5153,     0.4322,     0.0496,     0.0019,     0.0011],
        [    0.0002,     0.0007,     0.0003,     0.0170,     0.9818],
        [    0.0002,     0.0001,     0.0008,     0.0803,     0.9186],
        [    0.0010,     0.0014,     0.0140,     0.2660,     0.7176],
        [    0.6376,     0.2889,     0.0676,     0.0041,     0.0019],
        [    0.7350,     0.2102,     0.0481,     0.0054,     0.0014],
        [    0.0475,     0.3078,     0.6242,     0.0201,     0.0004],
        [    0.0009,     0.0078,     0.1423,     0.5484,     0.3007],
        [    0.0629,     0.4894,     0.4339,     0.0130,     0.0009],
        [    0.0014,     0.0011,     0.0204,     0.6165,     0.3605],
        [    0.0918,     0.0870,     0.1267,     0.1659,     0.5286],
        [    0.5943,     0.3881,     0.0164,     0.0003,     0.0010],
        [    0.8861,     0.1123,     0.0015,     0.0000,     0.0000],
        [    0.0120,     0.2729,     0.6822,     0.0326,     0.0003],
        [    0.1068,     0.1443,     0.2619,     0.1607,     0.3263]],
       device='cuda:1')
Metric:  tensor(0.5625, device='cuda:1')
------------------------
Labels:  tensor([0, 1, 4, 2, 3, 2, 1, 0, 2, 2, 2, 0, 2, 4, 3, 4], device='cuda:0')
Preds:  tensor([0, 1, 4, 1, 0, 2, 1, 0, 1, 3, 3, 0, 2, 4, 0, 4], device='cuda:0')
Outputs:  tensor([[    0.5074,     0.4742,     0.0183,     0.0001,     0.0000],
        [    0.1093,     0.8666,     0.0237,     0.0003,     0.0000],
        [    0.0006,     0.0012,     0.0200,     0.2923,     0.6859],
        [    0.3465,     0.5289,     0.1217,     0.0026,     0.0003],
        [    0.5885,     0.2778,     0.1211,     0.0097,     0.0029],
        [    0.0110,     0.0200,     0.9436,     0.0192,     0.0062],
        [    0.1276,     0.4700,     0.3947,     0.0073,     0.0004],
        [    0.9342,     0.0619,     0.0035,     0.0002,     0.0003],
        [    0.3598,     0.4106,     0.2037,     0.0183,     0.0075],
        [    0.0005,     0.0046,     0.1586,     0.5952,     0.2411],
        [    0.0023,     0.0289,     0.3443,     0.5411,     0.0834],
        [    0.9520,     0.0468,     0.0011,     0.0001,     0.0000],
        [    0.0021,     0.0442,     0.5028,     0.4409,     0.0101],
        [    0.0004,     0.0006,     0.0107,     0.2164,     0.7718],
        [    0.4773,     0.4150,     0.1063,     0.0012,     0.0002],
        [    0.0003,     0.0006,     0.0004,     0.0192,     0.9796]],
       device='cuda:0')
Metric:  tensor(0.6250, device='cuda:0')
------------------------
Labels:  tensor([3, 2, 3, 1, 3, 4, 3, 0, 3, 1, 1, 0, 0, 3, 2, 0], device='cuda:1')
Preds:  tensor([3, 2, 3, 0, 2, 4, 3, 1, 4, 1, 1, 0, 0, 2, 2, 2], device='cuda:1')
Outputs:  tensor([[    0.0024,     0.0186,     0.3383,     0.6160,     0.0247],
        [    0.0012,     0.0380,     0.6267,     0.3190,     0.0152],
        [    0.0021,     0.0360,     0.2560,     0.6824,     0.0235],
        [    0.4860,     0.4495,     0.0636,     0.0008,     0.0002],
        [    0.0048,     0.1364,     0.8316,     0.0260,     0.0011],
        [    0.0005,     0.0006,     0.0079,     0.1930,     0.7980],
        [    0.0100,     0.0608,     0.3574,     0.4336,     0.1382],
        [    0.1522,     0.5984,     0.2452,     0.0041,     0.0001],
        [    0.0000,     0.0001,     0.0047,     0.3171,     0.6780],
        [    0.0450,     0.8257,     0.1094,     0.0169,     0.0030],
        [    0.1383,     0.5325,     0.3173,     0.0109,     0.0010],
        [    0.9221,     0.0698,     0.0075,     0.0003,     0.0003],
        [    0.6650,     0.2893,     0.0433,     0.0020,     0.0004],
        [    0.0059,     0.0817,     0.4559,     0.4212,     0.0352],
        [    0.0998,     0.3444,     0.4086,     0.1167,     0.0305],
        [    0.0401,     0.2347,     0.5493,     0.1696,     0.0063]],
       device='cuda:1')
Metric:  tensor(0.6250, device='cuda:1')
------------------------
Labels:  tensor([4, 0, 4, 0, 4, 1, 1, 3, 0, 4, 4, 3, 0, 2, 3, 0], device='cuda:0')
Preds:  tensor([4, 0, 4, 0, 4, 1, 1, 4, 0, 4, 4, 3, 1, 1, 4, 0], device='cuda:0')
Outputs:  tensor([[    0.0007,     0.0005,     0.0052,     0.1320,     0.8616],
        [    0.7522,     0.2113,     0.0353,     0.0010,     0.0002],
        [    0.0005,     0.0006,     0.0103,     0.2980,     0.6907],
        [    0.7749,     0.2149,     0.0099,     0.0001,     0.0001],
        [    0.0286,     0.0212,     0.0698,     0.1980,     0.6825],
        [    0.0022,     0.9844,     0.0118,     0.0014,     0.0002],
        [    0.1071,     0.5801,     0.3053,     0.0069,     0.0005],
        [    0.0346,     0.2053,     0.1549,     0.1592,     0.4461],
        [    0.9861,     0.0135,     0.0004,     0.0000,     0.0000],
        [    0.0037,     0.0158,     0.1893,     0.3814,     0.4099],
        [    0.0004,     0.0168,     0.0076,     0.2303,     0.7449],
        [    0.0026,     0.0290,     0.4341,     0.4553,     0.0790],
        [    0.1617,     0.7807,     0.0572,     0.0003,     0.0000],
        [    0.1173,     0.5300,     0.3126,     0.0380,     0.0021],
        [    0.0002,     0.0003,     0.0062,     0.3311,     0.6622],
        [    0.9246,     0.0690,     0.0063,     0.0001,     0.0000]],
       device='cuda:0')
Metric:  tensor(0.7500, device='cuda:0')
------------------------
Labels:  tensor([2, 3, 4, 0, 1, 3, 4, 3, 4, 2, 1, 0, 4, 4, 4, 4], device='cuda:1')
Preds:  tensor([2, 3, 4, 1, 1, 4, 4, 2, 4, 2, 0, 0, 4, 4, 3, 4], device='cuda:1')
Outputs:  tensor([[    0.0252,     0.4439,     0.5187,     0.0118,     0.0005],
        [    0.0001,     0.0012,     0.0747,     0.7458,     0.1781],
        [    0.0019,     0.0006,     0.0014,     0.0153,     0.9808],
        [    0.2204,     0.7109,     0.0664,     0.0015,     0.0007],
        [    0.1728,     0.3541,     0.3287,     0.1089,     0.0355],
        [    0.0045,     0.0059,     0.0454,     0.3051,     0.6390],
        [    0.0029,     0.0007,     0.0029,     0.0243,     0.9692],
        [    0.0062,     0.3676,     0.6013,     0.0242,     0.0007],
        [    0.0002,     0.0004,     0.0001,     0.0040,     0.9954],
        [    0.0013,     0.0424,     0.7810,     0.1691,     0.0063],
        [    0.5182,     0.4358,     0.0447,     0.0009,     0.0004],
        [    0.5959,     0.3624,     0.0409,     0.0006,     0.0001],
        [    0.0002,     0.0002,     0.0027,     0.1329,     0.8641],
        [    0.0016,     0.0014,     0.0114,     0.2131,     0.7724],
        [    0.0030,     0.0108,     0.1636,     0.5195,     0.3030],
        [    0.0005,     0.0004,     0.0034,     0.1568,     0.8390]],
       device='cuda:1')
Metric:  tensor(0.6875, device='cuda:1')
------------------------
Labels:  tensor([3, 3, 3, 2, 1, 3, 1, 1, 2, 2, 0, 3, 3, 4, 4, 2], device='cuda:0')
Preds:  tensor([3, 2, 2, 2, 1, 2, 1, 0, 2, 2, 0, 4, 2, 4, 4, 0], device='cuda:0')
Outputs:  tensor([[    0.0001,     0.0007,     0.0283,     0.6532,     0.3178],
        [    0.0018,     0.0276,     0.8021,     0.1562,     0.0123],
        [    0.0020,     0.0323,     0.6283,     0.3214,     0.0160],
        [    0.0364,     0.2044,     0.6001,     0.1544,     0.0047],
        [    0.2797,     0.6448,     0.0736,     0.0015,     0.0004],
        [    0.0695,     0.1694,     0.4744,     0.2373,     0.0493],
        [    0.2034,     0.7167,     0.0790,     0.0009,     0.0001],
        [    0.9890,     0.0107,     0.0003,     0.0000,     0.0000],
        [    0.0009,     0.0204,     0.5532,     0.3993,     0.0262],
        [    0.0681,     0.2963,     0.4107,     0.1937,     0.0311],
        [    0.6048,     0.3531,     0.0418,     0.0003,     0.0000],
        [    0.0001,     0.0001,     0.0003,     0.0110,     0.9885],
        [    0.0021,     0.0640,     0.7217,     0.2066,     0.0056],
        [    0.0002,     0.0003,     0.0079,     0.3172,     0.6744],
        [    0.0052,     0.0064,     0.0562,     0.2691,     0.6631],
        [    0.7069,     0.2678,     0.0234,     0.0011,     0.0008]],
       device='cuda:0')
Metric:  tensor(0.5625, device='cuda:0')
------------------------
Labels:  tensor([3, 2, 3, 2, 3, 0, 2, 4, 1, 1, 1, 1, 0, 0, 0, 0], device='cuda:1')
Preds:  tensor([4, 2, 2, 2, 4, 0, 1, 4, 2, 0, 1, 2, 0, 0, 0, 0], device='cuda:1')
Outputs:  tensor([[    0.0012,     0.0017,     0.0186,     0.2182,     0.7603],
        [    0.0736,     0.2644,     0.5482,     0.1081,     0.0058],
        [    0.0011,     0.0399,     0.8794,     0.0790,     0.0007],
        [    0.0015,     0.0159,     0.9649,     0.0168,     0.0008],
        [    0.0004,     0.0005,     0.0059,     0.2323,     0.7609],
        [    0.6549,     0.3344,     0.0105,     0.0002,     0.0001],
        [    0.2887,     0.4550,     0.2290,     0.0229,     0.0044],
        [    0.0034,     0.0019,     0.0089,     0.1297,     0.8561],
        [    0.0153,     0.3747,     0.5182,     0.0841,     0.0077],
        [    0.7745,     0.0848,     0.0378,     0.0250,     0.0779],
        [    0.2011,     0.6313,     0.1651,     0.0024,     0.0001],
        [    0.2922,     0.2451,     0.4207,     0.0350,     0.0070],
        [    0.9778,     0.0151,     0.0052,     0.0007,     0.0013],
        [    0.6770,     0.2885,     0.0325,     0.0012,     0.0008],
        [    0.9869,     0.0129,     0.0002,     0.0000,     0.0000],
        [    0.9993,     0.0006,     0.0001,     0.0000,     0.0000]],
       device='cuda:1')
Metric:  tensor(0.5625, device='cuda:1')
------------------------
Labels:  tensor([2, 0, 1, 3, 4, 2, 0, 0, 2, 1, 0, 1, 1, 2, 3, 4], device='cuda:0')
Preds:  tensor([4, 0, 2, 2, 4, 2, 1, 0, 1, 0, 0, 0, 0, 1, 4, 4], device='cuda:0')
Outputs:  tensor([[    0.0003,     0.0003,     0.0039,     0.1436,     0.8519],
        [    0.7870,     0.1767,     0.0337,     0.0019,     0.0007],
        [    0.0058,     0.1477,     0.7791,     0.0671,     0.0003],
        [    0.0025,     0.0934,     0.8592,     0.0443,     0.0005],
        [    0.0030,     0.0013,     0.0044,     0.0394,     0.9520],
        [    0.0057,     0.2319,     0.6179,     0.1399,     0.0046],
        [    0.3030,     0.5485,     0.1446,     0.0038,     0.0001],
        [    0.8446,     0.1313,     0.0235,     0.0005,     0.0001],
        [    0.0493,     0.7362,     0.1619,     0.0403,     0.0124],
        [    0.5314,     0.3405,     0.1017,     0.0130,     0.0135],
        [    0.9944,     0.0055,     0.0001,     0.0000,     0.0000],
        [    0.5964,     0.2777,     0.1180,     0.0078,     0.0002],
        [    0.6443,     0.2196,     0.1167,     0.0140,     0.0054],
        [    0.0145,     0.7618,     0.1749,     0.0404,     0.0085],
        [    0.0096,     0.0211,     0.1160,     0.3120,     0.5412],
        [    0.0001,     0.0001,     0.0002,     0.0373,     0.9623]],
       device='cuda:0')
Metric:  tensor(0.3750, device='cuda:0')
------------------------
Labels:  tensor([4, 4, 4, 2, 3, 2, 4, 1, 2, 1, 1, 2, 0, 1, 0, 1], device='cuda:1')
Preds:  tensor([4, 4, 4, 1, 2, 3, 4, 1, 2, 2, 1, 2, 0, 0, 0, 2], device='cuda:1')
Outputs:  tensor([[    0.0003,     0.0007,     0.0129,     0.1621,     0.8240],
        [    0.0004,     0.0003,     0.0054,     0.1811,     0.8129],
        [    0.0002,     0.0002,     0.0014,     0.0428,     0.9554],
        [    0.1604,     0.5038,     0.3300,     0.0057,     0.0002],
        [    0.0065,     0.0506,     0.6072,     0.2830,     0.0526],
        [    0.0009,     0.0076,     0.1552,     0.6937,     0.1425],
        [    0.0007,     0.0003,     0.0013,     0.0129,     0.9848],
        [    0.0747,     0.4412,     0.4138,     0.0659,     0.0045],
        [    0.0017,     0.0868,     0.8596,     0.0512,     0.0007],
        [    0.0271,     0.3190,     0.5733,     0.0791,     0.0014],
        [    0.2883,     0.3714,     0.2806,     0.0548,     0.0049],
        [    0.0055,     0.2312,     0.7422,     0.0208,     0.0004],
        [    0.9935,     0.0065,     0.0000,     0.0000,     0.0000],
        [    0.6274,     0.3407,     0.0311,     0.0007,     0.0001],
        [    0.7730,     0.2201,     0.0068,     0.0001,     0.0001],
        [    0.0082,     0.1370,     0.6657,     0.1857,     0.0033]],
       device='cuda:1')
Metric:  tensor(0.6250, device='cuda:1')
------------------------
Labels:  tensor([4, 1, 1, 0, 0, 1, 2, 4, 2, 4, 4, 1, 0, 1, 2, 1], device='cuda:0')
Preds:  tensor([4, 1, 0, 0, 0, 1, 2, 4, 1, 4, 4, 4, 0, 0, 2, 0], device='cuda:0')
Outputs:  tensor([[    0.0015,     0.0014,     0.0071,     0.1474,     0.8427],
        [    0.2362,     0.6212,     0.1384,     0.0034,     0.0007],
        [    0.9213,     0.0761,     0.0025,     0.0000,     0.0000],
        [    0.8085,     0.1772,     0.0137,     0.0003,     0.0002],
        [    0.6570,     0.3233,     0.0193,     0.0004,     0.0001],
        [    0.0728,     0.7265,     0.1999,     0.0007,     0.0000],
        [    0.0434,     0.2861,     0.4998,     0.1483,     0.0224],
        [    0.0000,     0.0001,     0.0005,     0.1813,     0.8181],
        [    0.0369,     0.4901,     0.4624,     0.0106,     0.0000],
        [    0.0006,     0.0006,     0.0052,     0.2873,     0.7063],
        [    0.0458,     0.0344,     0.0949,     0.1151,     0.7099],
        [    0.2899,     0.1112,     0.1273,     0.1237,     0.3479],
        [    0.9090,     0.0899,     0.0011,     0.0000,     0.0000],
        [    0.5547,     0.3334,     0.1040,     0.0063,     0.0016],
        [    0.2286,     0.2929,     0.3132,     0.1122,     0.0531],
        [    0.5789,     0.3384,     0.0771,     0.0043,     0.0012]],
       device='cuda:0')
Metric:  tensor(0.6875, device='cuda:0')
------------------------
Labels:  tensor([1, 1, 2, 1, 1, 4, 1, 4, 4, 1, 3, 2, 4, 3, 3, 4], device='cuda:1')
Preds:  tensor([2, 2, 2, 0, 1, 4, 0, 3, 4, 1, 2, 2, 4, 2, 4, 4], device='cuda:1')
Outputs:  tensor([[    0.0290,     0.1452,     0.4819,     0.2583,     0.0857],
        [    0.0657,     0.3588,     0.4904,     0.0815,     0.0037],
        [    0.0731,     0.3660,     0.4924,     0.0676,     0.0009],
        [    0.5311,     0.3585,     0.1082,     0.0020,     0.0003],
        [    0.2908,     0.6147,     0.0936,     0.0008,     0.0001],
        [    0.0081,     0.0081,     0.0137,     0.0920,     0.8781],
        [    0.5674,     0.3975,     0.0342,     0.0007,     0.0002],
        [    0.0000,     0.0001,     0.0089,     0.6823,     0.3087],
        [    0.0009,     0.0006,     0.0016,     0.0628,     0.9341],
        [    0.2291,     0.6722,     0.0964,     0.0021,     0.0001],
        [    0.0092,     0.1140,     0.7183,     0.1581,     0.0004],
        [    0.0016,     0.1238,     0.6351,     0.2304,     0.0091],
        [    0.0004,     0.0008,     0.0101,     0.3013,     0.6874],
        [    0.0012,     0.0408,     0.7780,     0.1734,     0.0065],
        [    0.0021,     0.0014,     0.0124,     0.1344,     0.8497],
        [    0.0003,     0.0011,     0.0241,     0.3680,     0.6065]],
       device='cuda:1')
Metric:  tensor(0.5000, device='cuda:1')
------------------------
Labels:  tensor([4, 2, 2, 0, 0, 3, 3, 0, 0, 0, 0, 1, 4, 2, 0, 4], device='cuda:0')
Preds:  tensor([4, 4, 2, 0, 1, 3, 3, 1, 0, 0, 4, 0, 3, 2, 0, 4], device='cuda:0')
Outputs:  tensor([[    0.0001,     0.0010,     0.0021,     0.1230,     0.8738],
        [    0.0018,     0.0030,     0.0244,     0.2415,     0.7292],
        [    0.1201,     0.3656,     0.4200,     0.0867,     0.0076],
        [    0.9655,     0.0338,     0.0008,     0.0000,     0.0000],
        [    0.4263,     0.5522,     0.0207,     0.0004,     0.0004],
        [    0.0001,     0.0001,     0.0011,     0.9930,     0.0057],
        [    0.0001,     0.0023,     0.2015,     0.7400,     0.0561],
        [    0.3134,     0.5504,     0.0924,     0.0129,     0.0309],
        [    0.9261,     0.0730,     0.0009,     0.0000,     0.0000],
        [    0.7888,     0.2004,     0.0103,     0.0002,     0.0003],
        [    0.1172,     0.2065,     0.0535,     0.1364,     0.4863],
        [    0.5925,     0.3952,     0.0119,     0.0003,     0.0002],
        [    0.0014,     0.0048,     0.0301,     0.7474,     0.2164],
        [    0.1883,     0.2986,     0.3902,     0.0766,     0.0463],
        [    0.7895,     0.1818,     0.0242,     0.0024,     0.0021],
        [    0.0000,     0.0002,     0.0013,     0.1214,     0.8770]],
       device='cuda:0')
Metric:  tensor(0.6250, device='cuda:0')
------------------------
Mean loss[0.9342590550523435] | Mean metric[0.5935822352367008]
Stupid loss[0.0] | Naive soulution metric[0.2]
Freezed:  module.transformer.wte.weight
Freezed:  module.transformer.wpe.weight
Freezed:  module.transformer.h.0.ln_1.weight
Freezed:  module.transformer.h.0.ln_1.bias
Freezed:  module.transformer.h.0.attn.c_attn.weight
Freezed:  module.transformer.h.0.attn.c_attn.bias
Freezed:  module.transformer.h.0.attn.c_proj.weight
Freezed:  module.transformer.h.0.attn.c_proj.bias
Freezed:  module.transformer.h.0.ln_2.weight
Freezed:  module.transformer.h.0.ln_2.bias
Freezed:  module.transformer.h.0.mlp.c_fc.weight
Freezed:  module.transformer.h.0.mlp.c_fc.bias
Freezed:  module.transformer.h.0.mlp.c_proj.weight
Freezed:  module.transformer.h.0.mlp.c_proj.bias
Freezed:  module.transformer.h.1.ln_1.weight
Freezed:  module.transformer.h.1.ln_1.bias
Freezed:  module.transformer.h.1.attn.c_attn.weight
Freezed:  module.transformer.h.1.attn.c_attn.bias
Freezed:  module.transformer.h.1.attn.c_proj.weight
Freezed:  module.transformer.h.1.attn.c_proj.bias
Freezed:  module.transformer.h.1.ln_2.weight
Freezed:  module.transformer.h.1.ln_2.bias
Freezed:  module.transformer.h.1.mlp.c_fc.weight
Freezed:  module.transformer.h.1.mlp.c_fc.bias
Freezed:  module.transformer.h.1.mlp.c_proj.weight
Freezed:  module.transformer.h.1.mlp.c_proj.bias
Freezed:  module.transformer.h.2.ln_1.weight
Freezed:  module.transformer.h.2.ln_1.bias
Freezed:  module.transformer.h.2.attn.c_attn.weight
Freezed:  module.transformer.h.2.attn.c_attn.bias
Freezed:  module.transformer.h.2.attn.c_proj.weight
Freezed:  module.transformer.h.2.attn.c_proj.bias
Freezed:  module.transformer.h.2.ln_2.weight
Freezed:  module.transformer.h.2.ln_2.bias
Freezed:  module.transformer.h.2.mlp.c_fc.weight
Freezed:  module.transformer.h.2.mlp.c_fc.bias
Freezed:  module.transformer.h.2.mlp.c_proj.weight
Freezed:  module.transformer.h.2.mlp.c_proj.bias
Freezed:  module.transformer.h.3.ln_1.weight
Freezed:  module.transformer.h.3.ln_1.bias
Freezed:  module.transformer.h.3.attn.c_attn.weight
Freezed:  module.transformer.h.3.attn.c_attn.bias
Freezed:  module.transformer.h.3.attn.c_proj.weight
Freezed:  module.transformer.h.3.attn.c_proj.bias
Freezed:  module.transformer.h.3.ln_2.weight
Freezed:  module.transformer.h.3.ln_2.bias
Freezed:  module.transformer.h.3.mlp.c_fc.weight
Freezed:  module.transformer.h.3.mlp.c_fc.bias
Freezed:  module.transformer.h.3.mlp.c_proj.weight
Freezed:  module.transformer.h.3.mlp.c_proj.bias
Freezed:  module.transformer.h.4.ln_1.weight
Freezed:  module.transformer.h.4.ln_1.bias
Freezed:  module.transformer.h.4.attn.c_attn.weight
Freezed:  module.transformer.h.4.attn.c_attn.bias
Freezed:  module.transformer.h.4.attn.c_proj.weight
Freezed:  module.transformer.h.4.attn.c_proj.bias
Freezed:  module.transformer.h.4.ln_2.weight
Freezed:  module.transformer.h.4.ln_2.bias
Freezed:  module.transformer.h.4.mlp.c_fc.weight
Freezed:  module.transformer.h.4.mlp.c_fc.bias
Freezed:  module.transformer.h.4.mlp.c_proj.weight
Freezed:  module.transformer.h.4.mlp.c_proj.bias
Freezed:  module.transformer.h.5.ln_1.weight
Freezed:  module.transformer.h.5.ln_1.bias
Freezed:  module.transformer.h.5.attn.c_attn.weight
Freezed:  module.transformer.h.5.attn.c_attn.bias
Freezed:  module.transformer.h.5.attn.c_proj.weight
Freezed:  module.transformer.h.5.attn.c_proj.bias
Freezed:  module.transformer.h.5.ln_2.weight
Freezed:  module.transformer.h.5.ln_2.bias
Freezed:  module.transformer.h.5.mlp.c_fc.weight
Freezed:  module.transformer.h.5.mlp.c_fc.bias
Freezed:  module.transformer.h.5.mlp.c_proj.weight
Freezed:  module.transformer.h.5.mlp.c_proj.bias
EPOCH 1
--------------
Labels:  tensor([4, 4, 2, 0, 0, 4, 4, 1, 4, 2, 0, 1, 1, 2, 2, 1], device='cuda:1')
Preds:  tensor([4, 4, 1, 3, 0, 4, 4, 1, 4, 2, 3, 1, 2, 1, 2, 2], device='cuda:1')
Outputs:  tensor([[    0.0018,     0.0009,     0.0065,     0.1074,     0.8834],
        [    0.0013,     0.0011,     0.0041,     0.0949,     0.8987],
        [    0.2047,     0.6800,     0.1108,     0.0041,     0.0004],
        [    0.0016,     0.0059,     0.0897,     0.4561,     0.4467],
        [    0.3988,     0.2166,     0.2521,     0.0733,     0.0593],
        [    0.0010,     0.0005,     0.0020,     0.0497,     0.9468],
        [    0.0017,     0.0013,     0.0085,     0.1646,     0.8239],
        [    0.1593,     0.6935,     0.1434,     0.0035,     0.0003],
        [    0.0004,     0.0008,     0.0186,     0.2381,     0.7422],
        [    0.0861,     0.2468,     0.5205,     0.1340,     0.0127],
        [    0.0018,     0.0216,     0.3047,     0.6107,     0.0612],
        [    0.2963,     0.4224,     0.2125,     0.0501,     0.0187],
        [    0.0043,     0.0824,     0.8384,     0.0717,     0.0033],
        [    0.1403,     0.5380,     0.2948,     0.0252,     0.0016],
        [    0.0284,     0.2150,     0.4635,     0.2388,     0.0544],
        [    0.0140,     0.3419,     0.6037,     0.0386,     0.0018]],
       device='cuda:1')
Metric:  tensor(0.6250, device='cuda:1')
------------------------
Mean loss[0.9315869401378595] | Mean metric[0.5923621278672523]
Stupid loss[0.0] | Naive soulution metric[0.2]
Freezed:  module.transformer.wte.weight
Freezed:  module.transformer.wpe.weight
Freezed:  module.transformer.h.0.ln_1.weight
Freezed:  module.transformer.h.0.ln_1.bias
Freezed:  module.transformer.h.0.attn.c_attn.weight
Freezed:  module.transformer.h.0.attn.c_attn.bias
Freezed:  module.transformer.h.0.attn.c_proj.weight
Freezed:  module.transformer.h.0.attn.c_proj.bias
Freezed:  module.transformer.h.0.ln_2.weight
Freezed:  module.transformer.h.0.ln_2.bias
Freezed:  module.transformer.h.0.mlp.c_fc.weight
Freezed:  module.transformer.h.0.mlp.c_fc.bias
Freezed:  module.transformer.h.0.mlp.c_proj.weight
Freezed:  module.transformer.h.0.mlp.c_proj.bias
Freezed:  module.transformer.h.1.ln_1.weight
Freezed:  module.transformer.h.1.ln_1.bias
Freezed:  module.transformer.h.1.attn.c_attn.weight
Freezed:  module.transformer.h.1.attn.c_attn.bias
Freezed:  module.transformer.h.1.attn.c_proj.weight
Freezed:  module.transformer.h.1.attn.c_proj.bias
Freezed:  module.transformer.h.1.ln_2.weight
Freezed:  module.transformer.h.1.ln_2.bias
Freezed:  module.transformer.h.1.mlp.c_fc.weight
Freezed:  module.transformer.h.1.mlp.c_fc.bias
Freezed:  module.transformer.h.1.mlp.c_proj.weight
Freezed:  module.transformer.h.1.mlp.c_proj.bias
Freezed:  module.transformer.h.2.ln_1.weight
Freezed:  module.transformer.h.2.ln_1.bias
Freezed:  module.transformer.h.2.attn.c_attn.weight
Freezed:  module.transformer.h.2.attn.c_attn.bias
Freezed:  module.transformer.h.2.attn.c_proj.weight
Freezed:  module.transformer.h.2.attn.c_proj.bias
Freezed:  module.transformer.h.2.ln_2.weight
Freezed:  module.transformer.h.2.ln_2.bias
Labels:  tensor([1, 1, 2, 4, 2, 4, 0, 2, 3, 2, 0, 1, 1, 3, 2, 0], device='cuda:0')
Freezed:  module.transformer.h.2.mlp.c_fc.weight
Preds:  tensor([1, 2, 2, 4, 0, 4, 0, 4, 4, 2, 1, 2, 0, 3, 4, 1], device='cuda:0')
Freezed:  module.transformer.h.2.mlp.c_fc.bias
Outputs:  tensor([[    0.1516,     0.5267,     0.3186,     0.0028,     0.0003],
        [    0.0628,     0.2565,     0.4052,     0.1778,     0.0977],
        [    0.0001,     0.0032,     0.9955,     0.0013,     0.0000],
        [    0.0001,     0.0002,     0.0003,     0.0582,     0.9413],
        [    0.5609,     0.3080,     0.1182,     0.0110,     0.0019],
        [    0.0004,     0.0002,     0.0005,     0.0170,     0.9819],
        [    0.9734,     0.0263,     0.0002,     0.0000,     0.0001],
        [    0.0003,     0.0002,     0.0023,     0.0938,     0.9034],
        [    0.0001,     0.0001,     0.0046,     0.3549,     0.6403],
        [    0.0483,     0.4561,     0.4881,     0.0073,     0.0001],
        [    0.3494,     0.3677,     0.2167,     0.0635,     0.0027],
        [    0.0131,     0.1660,     0.6642,     0.1505,     0.0062],
        [    0.8108,     0.1393,     0.0287,     0.0056,     0.0156],
        [    0.0017,     0.0026,     0.0324,     0.5460,     0.4172],
Freezed:  module.transformer.h.2.mlp.c_proj.weight
        [    0.0082,     0.0024,     0.0071,     0.0314,     0.9509],
        [    0.0725,     0.6062,     0.3078,     0.0133,     0.0002]],
       device='cuda:0')
Freezed:  module.transformer.h.2.mlp.c_proj.bias
Metric:  tensor(0.4375, device='cuda:0')
------------------------
Freezed:  module.transformer.h.3.ln_1.weight
Mean loss[0.9331044855933471] | Mean metric[0.5967850170815032]
Freezed:  module.transformer.h.3.ln_1.bias
Stupid loss[0.0] | Naive soulution metric[0.2]
Freezed:  module.transformer.h.3.attn.c_attn.weight
Freezed:  module.transformer.wte.weight
Freezed:  module.transformer.h.3.attn.c_attn.bias
Freezed:  module.transformer.wpe.weight
Freezed:  module.transformer.h.3.attn.c_proj.weight
Freezed:  module.transformer.h.0.ln_1.weight
Freezed:  module.transformer.h.3.attn.c_proj.bias
Freezed:  module.transformer.h.0.ln_1.bias
Freezed:  module.transformer.h.3.ln_2.weight
Freezed:  module.transformer.h.0.attn.c_attn.weight
Freezed:  module.transformer.h.3.ln_2.bias
Freezed:  module.transformer.h.0.attn.c_attn.bias
Freezed:  module.transformer.h.3.mlp.c_fc.weight
Freezed:  module.transformer.h.0.attn.c_proj.weight
Freezed:  module.transformer.h.3.mlp.c_fc.bias
Freezed:  module.transformer.h.0.attn.c_proj.bias
Freezed:  module.transformer.h.3.mlp.c_proj.weight
Freezed:  module.transformer.h.0.ln_2.weight
Freezed:  module.transformer.h.3.mlp.c_proj.bias
Freezed:  module.transformer.h.0.ln_2.bias
Freezed:  module.transformer.h.4.ln_1.weight
Freezed:  module.transformer.h.0.mlp.c_fc.weight
Freezed:  module.transformer.h.4.ln_1.bias
Freezed:  module.transformer.h.0.mlp.c_fc.bias
Freezed:  module.transformer.h.4.attn.c_attn.weight
Freezed:  module.transformer.h.0.mlp.c_proj.weight
Freezed:  module.transformer.h.4.attn.c_attn.bias
Freezed:  module.transformer.h.0.mlp.c_proj.bias
Freezed:  module.transformer.h.4.attn.c_proj.weight
Freezed:  module.transformer.h.1.ln_1.weight
Freezed:  module.transformer.h.4.attn.c_proj.bias
Freezed:  module.transformer.h.1.ln_1.bias
Freezed:  module.transformer.h.4.ln_2.weight
Freezed:  module.transformer.h.1.attn.c_attn.weight
