Node IP: 10.128.2.153
WARNING:torch.distributed.run:
*****************************************
Setting OMP_NUM_THREADS environment variable for each process to be 1 in default, to avoid your system being overloaded, please further tune the variable for optimal performance in your application as needed. 
*****************************************
WARNING:torch.distributed.run:
*****************************************
Setting OMP_NUM_THREADS environment variable for each process to be 1 in default, to avoid your system being overloaded, please further tune the variable for optimal performance in your application as needed. 
*****************************************
INFO:torch.distributed.launcher.api:Starting elastic_operator with launch configs:
  entrypoint       : train.py
  min_nodes        : 2
  max_nodes        : 2
  nproc_per_node   : 2
  run_id           : 13003
  rdzv_backend     : c10d
  rdzv_endpoint    : 10.128.2.153:29500
  rdzv_configs     : {'timeout': 900}
  max_restarts     : 0
  monitor_interval : 5
  log_dir          : None
  metrics_cfg      : {}

INFO:torch.distributed.launcher.api:Starting elastic_operator with launch configs:
  entrypoint       : train.py
  min_nodes        : 2
  max_nodes        : 2
  nproc_per_node   : 2
  run_id           : 13003
  rdzv_backend     : c10d
  rdzv_endpoint    : 10.128.2.153:29500
  rdzv_configs     : {'timeout': 900}
  max_restarts     : 0
  monitor_interval : 5
  log_dir          : None
  metrics_cfg      : {}

INFO:torch.distributed.elastic.agent.server.local_elastic_agent:log directory set to: /tmp/torchelastic_xbmemby1/13003_vjl3pzwu
INFO:torch.distributed.elastic.agent.server.api:[default] starting workers for entrypoint: python
INFO:torch.distributed.elastic.agent.server.api:[default] Rendezvous'ing worker group
INFO:torch.distributed.elastic.agent.server.local_elastic_agent:log directory set to: /tmp/torchelastic_nyvfslzi/13003_c7wh2niv
INFO:torch.distributed.elastic.agent.server.api:[default] starting workers for entrypoint: python
INFO:torch.distributed.elastic.agent.server.api:[default] Rendezvous'ing worker group
INFO:torch.distributed.elastic.agent.server.api:[default] Rendezvous complete for workers. Result:
  restart_count=0
  master_addr=gpu003.hpc
  master_port=36017
  group_rank=1
  group_world_size=2
  local_ranks=[0, 1]
  role_ranks=[2, 3]
  global_ranks=[2, 3]
  role_world_sizes=[4, 4]
  global_world_sizes=[4, 4]

INFO:torch.distributed.elastic.agent.server.api:[default] Starting worker group
INFO:torch.distributed.elastic.agent.server.api:[default] Rendezvous complete for workers. Result:
  restart_count=0
  master_addr=gpu003.hpc
  master_port=36017
  group_rank=0
  group_world_size=2
  local_ranks=[0, 1]
  role_ranks=[0, 1]
  global_ranks=[0, 1]
  role_world_sizes=[4, 4]
  global_world_sizes=[4, 4]

INFO:torch.distributed.elastic.agent.server.api:[default] Starting worker group
INFO:torch.distributed.elastic.agent.server.local_elastic_agent:Environment variable 'TORCHELASTIC_ENABLE_FILE_TIMER' not found. Do not start FileTimerServer.
INFO:torch.distributed.elastic.multiprocessing:Setting worker0 reply file to: /tmp/torchelastic_nyvfslzi/13003_c7wh2niv/attempt_0/0/error.json
INFO:torch.distributed.elastic.agent.server.local_elastic_agent:Environment variable 'TORCHELASTIC_ENABLE_FILE_TIMER' not found. Do not start FileTimerServer.
INFO:torch.distributed.elastic.multiprocessing:Setting worker1 reply file to: /tmp/torchelastic_nyvfslzi/13003_c7wh2niv/attempt_0/1/error.json
INFO:torch.distributed.elastic.multiprocessing:Setting worker0 reply file to: /tmp/torchelastic_xbmemby1/13003_vjl3pzwu/attempt_0/0/error.json
INFO:torch.distributed.elastic.multiprocessing:Setting worker1 reply file to: /tmp/torchelastic_xbmemby1/13003_vjl3pzwu/attempt_0/1/error.json
PORT:  36017
WORLD SIZE: PORT:  4
 36017
MASTER NODE:  gpu003.hpc
WORLD SIZE:  4My slurm id is: 
 1
MASTER NODE:  gpu003.hpcMy rank is: 
 3
My slurm id is:  1
My rank is:  2
PORT:  36017
WORLD SIZE:  4
MASTER NODE:  gpu003.hpc
My slurm id is:  0
My rank is:  1
PORT:  36017
WORLD SIZE:  4
MASTER NODE:  gpu003.hpc
My slurm id is:  0
My rank is:  0
Some weights of GPT2ForSequenceClassification were not initialized from the model checkpoint at gpt2 and are newly initialized: ['score.weight']
You should probably TRAIN this model on a down-stream task to be able to use it for predictions and inference.
Some weights of GPT2ForSequenceClassification were not initialized from the model checkpoint at gpt2 and are newly initialized: ['score.weight']
You should probably TRAIN this model on a down-stream task to be able to use it for predictions and inference.
Some weights of GPT2ForSequenceClassification were not initialized from the model checkpoint at gpt2 and are newly initialized: ['score.weight']
You should probably TRAIN this model on a down-stream task to be able to use it for predictions and inference.
Some weights of GPT2ForSequenceClassification were not initialized from the model checkpoint at gpt2 and are newly initialized: ['score.weight']
You should probably TRAIN this model on a down-stream task to be able to use it for predictions and inference.
------------------------

------------------------

------------------------

------------------------

Loading checkpoint...
Loading checkpoint...
Loading checkpoint...
Loading checkpoint...
Retrieving epoch...
Loading model state...
Retrieving epoch...
Loading model state...
Retrieving epoch...
Loading model state...
Retrieving epoch...
Loading model state...
Loading scheduler state...
Loading optmizer state...
Loading scheduler state...
Loading optmizer state...
Loading scheduler state...
Loading optmizer state...
Loading scheduler state...
Loading optmizer state...
LOADED!
I'm process 2 using GPU 0
LOADED!
I'm process 0 using GPU 0
LOADED!
I'm process 1 using GPU 1
LOADED!
I'm process 3 using GPU 1
Labels:  tensor([3, 0, 0, 1, 0, 3, 0, 0, 3, 1, 4, 4, 4, 1, 2, 0], device='cuda:1')
Preds:  tensor([4, 0, 2, 1, 0, 2, 0, 1, 3, 1, 2, 3, 4, 1, 2, 0], device='cuda:1')
Labels:  tensor([2, 2, 1, 1, 1, 4, 4, 4, 3, 2, 0, 3, 3, 4, 0, 3], device='cuda:0')
Preds:  Labels:  tensor([3, 3, 2, 1, 0, 4, 4, 4, 2, 2, 1, 2, 4, 4, 0, 3], device='cuda:0')
Outputs:  tensor([0, 4, 2, 3, 0, 1, 2, 2, 3, 2, 2, 4, 4, 1, 1, 2], device='cuda:1')
Preds:  tensor([0, 4, 1, 4, 0, 2, 4, 2, 2, 2, 0, 4, 4, 1, 1, 4], device='cuda:1')
Outputs:  tensor([[    0.0004,     0.0006,     0.0140,     0.3543,     0.6308],
        [    0.6781,     0.2940,     0.0261,     0.0010,     0.0008],
        [    0.1721,     0.3453,     0.4526,     0.0286,     0.0014],
        [    0.3151,     0.5424,     0.1403,     0.0020,     0.0002],
        [    0.8296,     0.1500,     0.0203,     0.0001,     0.0000],
        [    0.0197,     0.1222,     0.6243,     0.2233,     0.0105],
        [    0.8951,     0.0985,     0.0064,     0.0000,     0.0000],
        [    0.2984,     0.6685,     0.0319,     0.0010,     0.0001],
        [    0.0000,     0.0017,     0.3565,     0.5856,     0.0561],
        [    0.2172,     0.4892,     0.2832,     0.0096,     0.0007],
        [    0.2660,     0.1459,     0.2745,     0.1358,     0.1777],
        [    0.0428,     0.0516,     0.3695,     0.4360,     0.1001],
        [    0.0004,     0.0002,     0.0044,     0.1848,     0.8102],
        [    0.1718,     0.6356,     0.1353,     0.0450,     0.0124],
        [    0.0017,     0.0866,     0.8826,     0.0288,     0.0003],
        [    0.9888,     0.0111,     0.0001,     0.0000,     0.0000]],
       device='cuda:1')
Outputs:  tensor([[    0.0001,     0.0004,     0.0355,     0.5571,     0.4070],
        [    0.0001,     0.0006,     0.0225,     0.7268,     0.2500],
        [    0.0064,     0.0489,     0.4998,     0.3744,     0.0706],
        [    0.0978,     0.5932,     0.3012,     0.0076,     0.0001],
        [    0.6887,     0.2841,     0.0260,     0.0009,     0.0004],
        [    0.0000,     0.0001,     0.0014,     0.0683,     0.9302],
        [    0.0003,     0.0001,     0.0016,     0.0365,     0.9614],
        [    0.0013,     0.0018,     0.0171,     0.1349,     0.8450],
        [    0.0049,     0.0308,     0.6236,     0.2848,     0.0559],
        [    0.0035,     0.0452,     0.5286,     0.4142,     0.0085],
        [    0.0453,     0.6059,     0.3225,     0.0226,     0.0036],
        [    0.0026,     0.0617,     0.6983,     0.1959,     0.0415],
        [    0.0001,     0.0003,     0.0068,     0.3343,     0.6585],
        [    0.0001,     0.0006,     0.0018,     0.0952,     0.9024],
        [    0.9501,     0.0492,     0.0007,     0.0000,     0.0000],
        [    0.0000,     0.0001,     0.0167,     0.8711,     0.1121]],
       device='cuda:0')
Metric:  tensor(0.6250, device='cuda:1')
------------------------
Metric:  tensor(0.5000, device='cuda:0')
------------------------
tensor([[    0.7845,     0.2044,     0.0110,     0.0001,     0.0000],
        [    0.0002,     0.0001,     0.0009,     0.0616,     0.9372],
        [    0.0331,     0.7920,     0.1416,     0.0287,     0.0045],
        [    0.0001,     0.0000,     0.0003,     0.0196,     0.9801],
        [    0.9930,     0.0053,     0.0005,     0.0003,     0.0009],
        [    0.0661,     0.3139,     0.4920,     0.1250,     0.0030],
        [    0.0008,     0.0047,     0.0706,     0.4209,     0.5030],
        [    0.0005,     0.0135,     0.5378,     0.4396,     0.0086],
        [    0.0848,     0.3955,     0.4747,     0.0443,     0.0006],
        [    0.0018,     0.0331,     0.5675,     0.3746,     0.0229],
        [    0.6445,     0.3035,     0.0504,     0.0011,     0.0006],
        [    0.0000,     0.0000,     0.0009,     0.0723,     0.9267],
        [    0.0003,     0.0000,     0.0001,     0.0008,     0.9988],
        [    0.0120,     0.5013,     0.4122,     0.0648,     0.0097],
        [    0.0021,     0.9958,     0.0015,     0.0005,     0.0001],
        [    0.0036,     0.0024,     0.0253,     0.3296,     0.6391]],
       device='cuda:1')
Metric:  tensor(0.5625, device='cuda:1')
------------------------
Labels:  tensor([3, 1, 1, 4, 0, 2, 4, 1, 3, 0, 2, 3, 2, 2, 4, 4], device='cuda:0')
Preds:  tensor([3, 0, 0, 4, 0, 2, 4, 1, 3, 0, 1, 4, 1, 2, 4, 4], device='cuda:0')
Outputs:  tensor([[    0.0000,     0.0012,     0.0387,     0.9599,     0.0001],
        [    0.4744,     0.4554,     0.0692,     0.0009,     0.0002],
        [    0.4374,     0.4299,     0.1276,     0.0047,     0.0003],
        [    0.0007,     0.0002,     0.0018,     0.0406,     0.9567],
        [    0.7227,     0.0983,     0.0860,     0.0482,     0.0448],
        [    0.0015,     0.0915,     0.8113,     0.0951,     0.0005],
        [    0.0021,     0.0010,     0.0070,     0.1788,     0.8112],
        [    0.4591,     0.5006,     0.0402,     0.0000,     0.0000],
        [    0.0001,     0.0011,     0.2988,     0.6752,     0.0249],
        [    0.5293,     0.2266,     0.2254,     0.0186,     0.0001],
        [    0.1942,     0.5495,     0.2521,     0.0038,     0.0004],
        [    0.0002,     0.0002,     0.0047,     0.3110,     0.6840],
        [    0.0637,     0.6317,     0.3028,     0.0018,     0.0000],
        [    0.0115,     0.0884,     0.5034,     0.3191,     0.0776],
        [    0.0001,     0.0002,     0.0103,     0.3522,     0.6372],
        [    0.0004,     0.0002,     0.0037,     0.1252,     0.8705]],
       device='cuda:0')
Metric:  tensor(0.6875, device='cuda:0')
------------------------
Labels:  tensor([3, 2, 3, 1, 3, 4, 3, 0, 3, 1, 1, 0, 0, 3, 2, 0], device='cuda:1')
Preds:  tensor([3, 2, 3, 1, 2, 4, 3, 1, 4, 1, 1, 0, 0, 3, 2, 2], device='cuda:1')
Outputs:  tensor([[    0.0009,     0.0060,     0.3619,     0.6237,     0.0075],
        [    0.0002,     0.0125,     0.6100,     0.3701,     0.0072],
        [    0.0009,     0.0208,     0.4077,     0.5640,     0.0065],
        [    0.3969,     0.4790,     0.1229,     0.0011,     0.0001],
        [    0.0007,     0.0328,     0.9411,     0.0247,     0.0007],
        [    0.0003,     0.0003,     0.0064,     0.1959,     0.7971],
        [    0.0095,     0.0528,     0.3654,     0.5002,     0.0721],
        [    0.1863,     0.5921,     0.2201,     0.0014,     0.0000],
        [    0.0000,     0.0001,     0.0032,     0.3202,     0.6765],
        [    0.1201,     0.5863,     0.2489,     0.0396,     0.0052],
        [    0.1558,     0.5195,     0.3160,     0.0084,     0.0004],
        [    0.9522,     0.0461,     0.0017,     0.0000,     0.0000],
        [    0.6038,     0.3332,     0.0590,     0.0035,     0.0005],
        [    0.0013,     0.0283,     0.3945,     0.5425,     0.0333],
        [    0.0810,     0.3079,     0.4651,     0.1151,     0.0310],
        [    0.0439,     0.2159,     0.6066,     0.1317,     0.0018]],
       device='cuda:1')
Metric:  tensor(0.7500, device='cuda:1')
------------------------
Labels:  tensor([1, 1, 1, 1, 2, 1, 0, 0, 4, 4, 2, 1, 3, 0, 0, 1], device='cuda:0')
Preds:  tensor([3, 1, 2, 4, 2, 2, 0, 0, 4, 4, 2, 0, 2, 0, 0, 1], device='cuda:0')
Outputs:  tensor([[    0.0008,     0.0132,     0.2819,     0.5565,     0.1476],
        [    0.3167,     0.3812,     0.2915,     0.0100,     0.0006],
        [    0.0372,     0.3146,     0.5978,     0.0487,     0.0016],
        [    0.1165,     0.0745,     0.1465,     0.2148,     0.4478],
        [    0.0132,     0.4189,     0.4910,     0.0730,     0.0038],
        [    0.0672,     0.4289,     0.4700,     0.0281,     0.0057],
        [    0.8815,     0.1021,     0.0125,     0.0015,     0.0025],
        [    0.7521,     0.2407,     0.0071,     0.0000,     0.0000],
        [    0.0012,     0.0005,     0.0045,     0.1763,     0.8174],
        [    0.0004,     0.0001,     0.0014,     0.0559,     0.9423],
        [    0.0042,     0.1047,     0.8045,     0.0863,     0.0003],
        [    0.5039,     0.3590,     0.1143,     0.0104,     0.0123],
        [    0.0001,     0.0036,     0.5836,     0.4127,     0.0000],
        [    0.6430,     0.3239,     0.0319,     0.0012,     0.0000],
        [    0.7258,     0.2237,     0.0438,     0.0037,     0.0031],
        [    0.1765,     0.5765,     0.2435,     0.0035,     0.0001]],
       device='cuda:0')
Metric:  tensor(0.6250, device='cuda:0')
------------------------
Labels:  tensor([0, 1, 4, 2, 3, 2, 1, 0, 2, 2, 2, 0, 2, 4, 3, 4], device='cuda:0')
Preds:  tensor([0, 1, 4, 1, 0, 2, 1, 0, 1, 3, 3, 0, 2, 4, 0, 4], device='cuda:0')
Outputs:  tensor([[    0.5254,     0.4485,     0.0260,     0.0001,     0.0000],
        [    0.1313,     0.8453,     0.0233,     0.0002,     0.0000],
        [    0.0001,     0.0002,     0.0088,     0.2211,     0.7698],
        [    0.3642,     0.5185,     0.1155,     0.0017,     0.0002],
        [    0.5972,     0.2713,     0.1247,     0.0062,     0.0006],
        [    0.0267,     0.0287,     0.9034,     0.0272,     0.0139],
        [    0.1706,     0.4971,     0.3312,     0.0010,     0.0000],
        [    0.9381,     0.0596,     0.0020,     0.0001,     0.0002],
        [    0.3433,     0.3765,     0.2610,     0.0158,     0.0034],
        [    0.0002,     0.0022,     0.1075,     0.6610,     0.2290],
        [    0.0018,     0.0306,     0.4371,     0.4811,     0.0494],
        [    0.9062,     0.0891,     0.0044,     0.0003,     0.0001],
        [    0.0006,     0.0214,     0.5122,     0.4577,     0.0081],
        [    0.0002,     0.0002,     0.0081,     0.2103,     0.7812],
        [    0.5960,     0.3296,     0.0738,     0.0005,     0.0000],
        [    0.0001,     0.0003,     0.0002,     0.0194,     0.9800]],
       device='cuda:0')
Metric:  tensor(0.6250, device='cuda:0')
------------------------
Labels:  tensor([2, 0, 4, 4, 4, 0, 0, 2, 4, 0, 4, 0, 0, 0, 1, 2], device='cuda:1')
Preds:  tensor([2, 0, 4, 4, 4, 0, 0, 2, 4, 1, 4, 4, 0, 0, 2, 4], device='cuda:1')
Outputs:  tensor([[    0.0108,     0.0244,     0.4462,     0.4278,     0.0908],
        [    0.5108,     0.4348,     0.0516,     0.0021,     0.0007],
        [    0.0003,     0.0010,     0.0002,     0.0149,     0.9836],
        [    0.0001,     0.0000,     0.0003,     0.0414,     0.9582],
        [    0.0006,     0.0008,     0.0121,     0.2383,     0.7483],
        [    0.5845,     0.3266,     0.0829,     0.0047,     0.0012],
        [    0.7470,     0.2136,     0.0365,     0.0026,     0.0002],
        [    0.0337,     0.2600,     0.6884,     0.0177,     0.0002],
        [    0.0002,     0.0006,     0.0197,     0.2843,     0.6952],
        [    0.0775,     0.4896,     0.4243,     0.0083,     0.0003],
        [    0.0007,     0.0006,     0.0096,     0.2243,     0.7648],
        [    0.0799,     0.0578,     0.0762,     0.1335,     0.6526],
        [    0.6049,     0.3693,     0.0237,     0.0006,     0.0015],
        [    0.9142,     0.0845,     0.0013,     0.0000,     0.0000],
        [    0.0116,     0.2682,     0.6985,     0.0217,     0.0000],
        [    0.1040,     0.1575,     0.2570,     0.1230,     0.3586]],
       device='cuda:1')
Metric:  tensor(0.7500, device='cuda:1')
------------------------
Labels:  tensor([3, 2, 3, 2, 3, 0, 2, 4, 1, 1, 1, 1, 0, 0, 0, 0], device='cuda:1')
Preds:  tensor([4, 2, 2, 2, 4, 0, 1, 4, 2, 0, 1, 2, 0, 0, 0, 0], device='cuda:1')
Outputs:  tensor([[    0.0005,     0.0007,     0.0159,     0.2250,     0.7580],
        [    0.0258,     0.1339,     0.5976,     0.2349,     0.0078],
        [    0.0008,     0.0253,     0.9473,     0.0266,     0.0001],
        [    0.0025,     0.0271,     0.9540,     0.0160,     0.0005],
        [    0.0002,     0.0002,     0.0035,     0.1759,     0.8201],
        [    0.7680,     0.2233,     0.0085,     0.0001,     0.0000],
        [    0.4073,     0.4228,     0.1575,     0.0109,     0.0015],
        [    0.0010,     0.0006,     0.0032,     0.1195,     0.8757],
        [    0.0059,     0.0997,     0.7108,     0.1704,     0.0132],
        [    0.7277,     0.1003,     0.0469,     0.0329,     0.0921],
        [    0.2391,     0.6146,     0.1454,     0.0009,     0.0000],
        [    0.3255,     0.2528,     0.3918,     0.0264,     0.0034],
        [    0.9957,     0.0028,     0.0009,     0.0002,     0.0005],
        [    0.7350,     0.2304,     0.0316,     0.0020,     0.0010],
        [    0.9854,     0.0145,     0.0001,     0.0000,     0.0000],
        [    0.9995,     0.0003,     0.0001,     0.0000,     0.0000]],
       device='cuda:1')
Metric:  tensor(0.5625, device='cuda:1')
------------------------
Labels:  tensor([4, 0, 4, 0, 4, 1, 1, 3, 0, 4, 4, 3, 0, 2, 3, 0], device='cuda:0')
Preds:  tensor([4, 0, 4, 0, 4, 1, 1, 4, 0, 3, 4, 3, 1, 1, 4, 0], device='cuda:0')
Outputs:  tensor([[    0.0005,     0.0003,     0.0044,     0.1522,     0.8427],
        [    0.7418,     0.2169,     0.0402,     0.0009,     0.0001],
        [    0.0004,     0.0003,     0.0076,     0.3054,     0.6862],
        [    0.8615,     0.1332,     0.0052,     0.0001,     0.0000],
        [    0.0319,     0.0229,     0.0792,     0.1969,     0.6691],
        [    0.0025,     0.9818,     0.0140,     0.0015,     0.0002],
        [    0.1209,     0.5205,     0.3500,     0.0082,     0.0003],
        [    0.0257,     0.1753,     0.1370,     0.2064,     0.4555],
        [    0.9877,     0.0118,     0.0004,     0.0000,     0.0000],
        [    0.0010,     0.0056,     0.1848,     0.4202,     0.3884],
        [    0.0001,     0.0019,     0.0036,     0.2234,     0.7710],
        [    0.0003,     0.0044,     0.3144,     0.6384,     0.0426],
        [    0.2868,     0.6621,     0.0510,     0.0001,     0.0000],
        [    0.1219,     0.4873,     0.3729,     0.0176,     0.0002],
        [    0.0001,     0.0001,     0.0038,     0.2996,     0.6964],
        [    0.9243,     0.0714,     0.0042,     0.0001,     0.0000]],
       device='cuda:0')
Metric:  tensor(0.6875, device='cuda:0')
------------------------
Labels:  tensor([3, 3, 3, 2, 1, 3, 1, 1, 2, 2, 0, 3, 3, 4, 4, 2], device='cuda:0')
Preds:  tensor([3, 2, 2, 2, 1, 3, 1, 0, 2, 2, 0, 4, 2, 4, 4, 0], device='cuda:0')
Outputs:  tensor([[    0.0001,     0.0003,     0.0154,     0.5469,     0.4372],
        [    0.0003,     0.0059,     0.8125,     0.1621,     0.0192],
        [    0.0007,     0.0203,     0.7381,     0.2357,     0.0051],
        [    0.0291,     0.1816,     0.6836,     0.1046,     0.0012],
        [    0.3933,     0.5554,     0.0502,     0.0009,     0.0001],
        [    0.0242,     0.0670,     0.3869,     0.4056,     0.1164],
        [    0.2382,     0.6392,     0.1213,     0.0012,     0.0001],
        [    0.9893,     0.0105,     0.0002,     0.0000,     0.0000],
        [    0.0003,     0.0084,     0.5356,     0.4341,     0.0216],
        [    0.0524,     0.2702,     0.4639,     0.1996,     0.0139],
        [    0.5787,     0.3592,     0.0619,     0.0002,     0.0000],
        [    0.0001,     0.0000,     0.0002,     0.0105,     0.9893],
        [    0.0010,     0.0434,     0.6848,     0.2677,     0.0032],
        [    0.0001,     0.0001,     0.0029,     0.2066,     0.7902],
        [    0.0026,     0.0021,     0.0272,     0.1351,     0.8329],
        [    0.8143,     0.1707,     0.0144,     0.0005,     0.0001]],
       device='cuda:0')
Metric:  tensor(0.6250, device='cuda:0')
------------------------
Labels:  tensor([2, 3, 4, 0, 1, 3, 4, 3, 4, 2, 1, 0, 4, 4, 4, 4], device='cuda:1')
Preds:  tensor([1, 3, 4, 1, 2, 4, 4, 2, 4, 2, 0, 0, 4, 4, 3, 4], device='cuda:1')
Outputs:  tensor([[    0.0359,     0.5435,     0.4171,     0.0034,     0.0001],
        [    0.0001,     0.0004,     0.0561,     0.7803,     0.1632],
        [    0.0016,     0.0006,     0.0017,     0.0133,     0.9829],
        [    0.2706,     0.6700,     0.0588,     0.0005,     0.0001],
        [    0.0438,     0.1689,     0.4007,     0.3075,     0.0791],
        [    0.0009,     0.0012,     0.0193,     0.2169,     0.7616],
        [    0.0008,     0.0001,     0.0010,     0.0098,     0.9883],
        [    0.0053,     0.2558,     0.7314,     0.0073,     0.0001],
        [    0.0002,     0.0004,     0.0001,     0.0014,     0.9979],
        [    0.0007,     0.0246,     0.7122,     0.2553,     0.0073],
        [    0.5168,     0.4244,     0.0572,     0.0013,     0.0004],
        [    0.7694,     0.2109,     0.0193,     0.0003,     0.0000],
        [    0.0001,     0.0001,     0.0015,     0.0786,     0.9197],
        [    0.0020,     0.0014,     0.0258,     0.4132,     0.5577],
        [    0.0020,     0.0057,     0.1067,     0.6000,     0.2855],
        [    0.0003,     0.0001,     0.0022,     0.1576,     0.8398]],
       device='cuda:1')
Metric:  tensor(0.5625, device='cuda:1')
------------------------
Labels:  tensor([1, 1, 2, 1, 1, 4, 1, 4, 4, 1, 3, 2, 4, 3, 3, 4], device='cuda:1')
Preds:  tensor([2, 1, 2, 0, 1, 4, 0, 3, 4, 1, 2, 2, 4, 2, 4, 4], device='cuda:1')
Outputs:  tensor([[    0.0316,     0.1346,     0.4610,     0.2841,     0.0887],
        [    0.1244,     0.4326,     0.4136,     0.0287,     0.0007],
        [    0.0275,     0.2293,     0.6202,     0.1229,     0.0002],
        [    0.6341,     0.2851,     0.0800,     0.0007,     0.0000],
        [    0.3042,     0.6080,     0.0874,     0.0004,     0.0000],
        [    0.0022,     0.0022,     0.0060,     0.0837,     0.9059],
        [    0.6429,     0.3188,     0.0369,     0.0011,     0.0003],
        [    0.0001,     0.0001,     0.0064,     0.5867,     0.4068],
        [    0.0011,     0.0006,     0.0021,     0.0475,     0.9487],
        [    0.3249,     0.5816,     0.0923,     0.0012,     0.0000],
        [    0.0091,     0.1239,     0.8074,     0.0595,     0.0001],
        [    0.0008,     0.0968,     0.7101,     0.1890,     0.0033],
        [    0.0002,     0.0003,     0.0041,     0.1611,     0.8343],
        [    0.0002,     0.0111,     0.6669,     0.3100,     0.0117],
        [    0.0004,     0.0004,     0.0120,     0.1362,     0.8509],
        [    0.0001,     0.0003,     0.0126,     0.4350,     0.5520]],
       device='cuda:1')
Metric:  tensor(0.5625, device='cuda:1')
------------------------
Labels:  tensor([2, 0, 1, 3, 4, 2, 0, 0, 2, 1, 0, 1, 1, 2, 3, 4], device='cuda:0')
Preds:  tensor([4, 0, 2, 2, 4, 2, 1, 0, 1, 0, 0, 0, 0, 1, 4, 4], device='cuda:0')
Outputs:  tensor([[    0.0001,     0.0001,     0.0031,     0.1863,     0.8104],
        [    0.8247,     0.1547,     0.0199,     0.0005,     0.0001],
        [    0.0017,     0.0573,     0.8500,     0.0909,     0.0001],
        [    0.0007,     0.0469,     0.9203,     0.0319,     0.0001],
        [    0.0020,     0.0008,     0.0040,     0.0341,     0.9591],
        [    0.0043,     0.1725,     0.6305,     0.1904,     0.0023],
        [    0.4017,     0.4937,     0.1031,     0.0014,     0.0000],
        [    0.8235,     0.1462,     0.0300,     0.0003,     0.0000],
        [    0.0399,     0.7930,     0.1478,     0.0176,     0.0017],
        [    0.5451,     0.3397,     0.0991,     0.0098,     0.0064],
        [    0.9936,     0.0063,     0.0001,     0.0000,     0.0000],
        [    0.6663,     0.2499,     0.0801,     0.0037,     0.0000],
        [    0.7937,     0.1436,     0.0554,     0.0054,     0.0020],
        [    0.0185,     0.7975,     0.1573,     0.0250,     0.0017],
        [    0.0010,     0.0029,     0.0563,     0.3767,     0.5632],
        [    0.0001,     0.0001,     0.0002,     0.0446,     0.9551]],
       device='cuda:0')
Metric:  tensor(0.3750, device='cuda:0')
------------------------
Labels:  tensor([4, 1, 1, 0, 0, 1, 2, 4, 2, 4, 4, 1, 0, 1, 2, 1], device='cuda:0')
Preds:  tensor([4, 1, 0, 0, 0, 1, 2, 4, 2, 4, 4, 0, 0, 0, 2, 0], device='cuda:0')
Outputs:  tensor([[    0.0008,     0.0006,     0.0022,     0.0632,     0.9332],
        [    0.2345,     0.6212,     0.1400,     0.0039,     0.0004],
        [    0.9576,     0.0415,     0.0009,     0.0000,     0.0000],
        [    0.8575,     0.1327,     0.0091,     0.0003,     0.0003],
        [    0.7801,     0.2080,     0.0113,     0.0004,     0.0002],
        [    0.0699,     0.6218,     0.3073,     0.0009,     0.0000],
        [    0.0563,     0.2706,     0.4855,     0.1660,     0.0217],
        [    0.0000,     0.0001,     0.0002,     0.1312,     0.8685],
        [    0.0161,     0.3277,     0.6373,     0.0190,     0.0000],
        [    0.0016,     0.0010,     0.0087,     0.3123,     0.6764],
        [    0.0108,     0.0080,     0.0347,     0.0634,     0.8832],
        [    0.3924,     0.0903,     0.0982,     0.1184,     0.3007],
        [    0.9112,     0.0872,     0.0016,     0.0000,     0.0000],
        [    0.5522,     0.3188,     0.1226,     0.0051,     0.0013],
        [    0.1186,     0.2686,     0.4792,     0.1236,     0.0101],
        [    0.5809,     0.3065,     0.1054,     0.0063,     0.0009]],
       device='cuda:0')
Metric:  tensor(0.7500, device='cuda:0')
------------------------
Labels:  tensor([4, 4, 4, 2, 3, 2, 4, 1, 2, 1, 1, 2, 0, 1, 0, 1], device='cuda:1')
Preds:  tensor([4, 4, 4, 1, 2, 3, 4, 1, 2, 2, 1, 2, 0, 0, 0, 2], device='cuda:1')
Outputs:  tensor([[    0.0001,     0.0003,     0.0100,     0.1356,     0.8540],
        [    0.0002,     0.0002,     0.0069,     0.2800,     0.7128],
        [    0.0002,     0.0001,     0.0013,     0.0403,     0.9581],
        [    0.1967,     0.5759,     0.2258,     0.0017,     0.0000],
        [    0.0027,     0.0223,     0.5951,     0.2991,     0.0808],
        [    0.0002,     0.0019,     0.1015,     0.7586,     0.1378],
        [    0.0008,     0.0002,     0.0011,     0.0077,     0.9901],
        [    0.0999,     0.5091,     0.3548,     0.0352,     0.0009],
        [    0.0013,     0.0890,     0.8714,     0.0382,     0.0001],
        [    0.0312,     0.2740,     0.6100,     0.0837,     0.0011],
        [    0.3038,     0.3347,     0.2882,     0.0698,     0.0035],
        [    0.0025,     0.1564,     0.8204,     0.0205,     0.0002],
        [    0.9932,     0.0067,     0.0001,     0.0000,     0.0000],
        [    0.6975,     0.2805,     0.0215,     0.0004,     0.0000],
        [    0.7663,     0.2234,     0.0100,     0.0002,     0.0001],
        [    0.0047,     0.0936,     0.7275,     0.1730,     0.0012]],
       device='cuda:1')
Metric:  tensor(0.6250, device='cuda:1')
------------------------
Labels:  tensor([0, 4, 0, 3, 0, 1, 2, 1, 4, 2, 1, 1, 4, 3, 1, 3], device='cuda:1')
Preds:  tensor([0, 4, 0, 3, 0, 0, 2, 2, 3, 3, 1, 2, 4, 3, 2, 2], device='cuda:1')
Outputs:  tensor([[    0.5472,     0.4334,     0.0165,     0.0006,     0.0023],
        [    0.0007,     0.0014,     0.0083,     0.1051,     0.8845],
        [    0.8675,     0.1160,     0.0143,     0.0018,     0.0004],
        [    0.0000,     0.0005,     0.0441,     0.7532,     0.2022],
        [    0.8475,     0.1507,     0.0018,     0.0000,     0.0000],
        [    0.6286,     0.3182,     0.0511,     0.0020,     0.0001],
        [    0.1319,     0.3413,     0.4197,     0.0790,     0.0281],
        [    0.0258,     0.3888,     0.5679,     0.0167,     0.0008],
        [    0.0365,     0.0750,     0.3724,     0.4404,     0.0757],
        [    0.0003,     0.0053,     0.3118,     0.6051,     0.0776],
        [    0.0277,     0.5724,     0.3857,     0.0134,     0.0008],
        [    0.0091,     0.1299,     0.7526,     0.1045,     0.0039],
        [    0.0002,     0.0001,     0.0018,     0.2293,     0.7685],
        [    0.0000,     0.0001,     0.0429,     0.8921,     0.0649],
        [    0.0789,     0.4446,     0.4581,     0.0172,     0.0011],
        [    0.0051,     0.2476,     0.3702,     0.3252,     0.0519]],
       device='cuda:1')
Metric:  tensor(0.5625, device='cuda:1')
------------------------
Mean loss[0.9284073828400025] | Mean metric[0.6011774036115178]
Stupid loss[0.0] | Naive soulution metric[0.2]
Freezed:  module.transformer.wte.weight
Freezed:  module.transformer.wpe.weight
Freezed:  module.transformer.h.0.ln_1.weight
Freezed:  module.transformer.h.0.ln_1.bias
Freezed:  module.transformer.h.0.attn.c_attn.weight
Freezed:  module.transformer.h.0.attn.c_attn.bias
Freezed:  module.transformer.h.0.attn.c_proj.weight
Freezed:  module.transformer.h.0.attn.c_proj.bias
Freezed:  module.transformer.h.0.ln_2.weight
Freezed:  module.transformer.h.0.ln_2.bias
Freezed:  module.transformer.h.0.mlp.c_fc.weight
Freezed:  module.transformer.h.0.mlp.c_fc.bias
Freezed:  module.transformer.h.0.mlp.c_proj.weight
Freezed:  module.transformer.h.0.mlp.c_proj.bias
Freezed:  module.transformer.h.1.ln_1.weight
Freezed:  module.transformer.h.1.ln_1.bias
Freezed:  module.transformer.h.1.attn.c_attn.weight
Freezed:  module.transformer.h.1.attn.c_attn.bias
Freezed:  module.transformer.h.1.attn.c_proj.weight
Freezed:  module.transformer.h.1.attn.c_proj.bias
Freezed:  module.transformer.h.1.ln_2.weight
Freezed:  module.transformer.h.1.ln_2.bias
Freezed:  module.transformer.h.1.mlp.c_fc.weight
Freezed:  module.transformer.h.1.mlp.c_fc.bias
Freezed:  module.transformer.h.1.mlp.c_proj.weight
Freezed:  module.transformer.h.1.mlp.c_proj.bias
Freezed:  module.transformer.h.2.ln_1.weight
Freezed:  module.transformer.h.2.ln_1.bias
Freezed:  module.transformer.h.2.attn.c_attn.weight
Labels:  tensor([4, 2, 2, 0, 0, 3, 3, 0, 0, 0, 0, 1, 4, 2, 0, 4], device='cuda:0')
Freezed:  module.transformer.h.2.attn.c_attn.bias
Freezed:  module.transformer.h.2.attn.c_proj.weight
Freezed:  module.transformer.h.2.attn.c_proj.bias
Freezed:  module.transformer.h.2.ln_2.weight
Freezed:  module.transformer.h.2.ln_2.bias
Freezed:  module.transformer.h.2.mlp.c_fc.weight
Freezed:  module.transformer.h.2.mlp.c_fc.bias
Freezed:  module.transformer.h.2.mlp.c_proj.weight
Freezed:  module.transformer.h.2.mlp.c_proj.bias
Freezed:  module.transformer.h.3.ln_1.weight
Freezed:  module.transformer.h.3.ln_1.bias
Freezed:  module.transformer.h.3.attn.c_attn.weight
Freezed:  module.transformer.h.3.attn.c_attn.bias
Freezed:  module.transformer.h.3.attn.c_proj.weight
Freezed:  module.transformer.h.3.attn.c_proj.bias
Freezed:  module.transformer.h.3.ln_2.weight
Freezed:  module.transformer.h.3.ln_2.bias
Freezed:  module.transformer.h.3.mlp.c_fc.weight
Freezed:  module.transformer.h.3.mlp.c_fc.bias
Freezed:  module.transformer.h.3.mlp.c_proj.weight
Freezed:  module.transformer.h.3.mlp.c_proj.bias
Freezed:  module.transformer.h.4.ln_1.weight
Freezed:  module.transformer.h.4.ln_1.bias
Freezed:  module.transformer.h.4.attn.c_attn.weight
Freezed:  module.transformer.h.4.attn.c_attn.bias
Freezed:  module.transformer.h.4.attn.c_proj.weight
Freezed:  module.transformer.h.4.attn.c_proj.bias
Freezed:  module.transformer.h.4.ln_2.weight
Freezed:  module.transformer.h.4.ln_2.bias
Freezed:  module.transformer.h.4.mlp.c_fc.weight
Freezed:  module.transformer.h.4.mlp.c_fc.bias
Freezed:  module.transformer.h.4.mlp.c_proj.weight
Freezed:  module.transformer.h.4.mlp.c_proj.bias
Freezed:  module.transformer.h.5.ln_1.weight
Freezed:  module.transformer.h.5.ln_1.bias
Freezed:  module.transformer.h.5.attn.c_attn.weight
Freezed:  module.transformer.h.5.attn.c_attn.bias
Freezed:  module.transformer.h.5.attn.c_proj.weight
Freezed:  module.transformer.h.5.attn.c_proj.bias
Freezed:  module.transformer.h.5.ln_2.weight
Freezed:  module.transformer.h.5.ln_2.bias
Freezed:  module.transformer.h.5.mlp.c_fc.weight
Freezed:  module.transformer.h.5.mlp.c_fc.bias
Freezed:  module.transformer.h.5.mlp.c_proj.weight
Freezed:  module.transformer.h.5.mlp.c_proj.bias
Preds:  tensor([4, 4, 2, 0, 0, 3, 3, 1, 0, 0, 4, 0, 3, 2, 0, 4], device='cuda:0')
EPOCH 3
--------------
Outputs:  tensor([[    0.0001,     0.0003,     0.0008,     0.1183,     0.8806],
        [    0.0007,     0.0015,     0.0211,     0.2630,     0.7136],
        [    0.0789,     0.3420,     0.4778,     0.0980,     0.0033],
        [    0.9691,     0.0302,     0.0006,     0.0000,     0.0000],
        [    0.6242,     0.3580,     0.0172,     0.0003,     0.0003],
        [    0.0001,     0.0000,     0.0008,     0.9970,     0.0021],
        [    0.0001,     0.0010,     0.1575,     0.8094,     0.0321],
        [    0.2437,     0.6568,     0.0807,     0.0084,     0.0103],
        [    0.8528,     0.1467,     0.0005,     0.0000,     0.0000],
        [    0.8342,     0.1554,     0.0099,     0.0002,     0.0003],
        [    0.0548,     0.0672,     0.0176,     0.1282,     0.7321],
        [    0.7265,     0.2625,     0.0106,     0.0003,     0.0001],
        [    0.0007,     0.0020,     0.0205,     0.8101,     0.1667],
        [    0.2110,     0.2727,     0.3448,     0.0975,     0.0740],
        [    0.7564,     0.2098,     0.0300,     0.0026,     0.0013],
        [    0.0000,     0.0001,     0.0008,     0.1031,     0.8961]],
       device='cuda:0')
Metric:  tensor(0.6875, device='cuda:0')
------------------------
Mean loss[0.936229544872188] | Mean metric[0.6007198633479747]
Stupid loss[0.0] | Naive soulution metric[0.2]
Freezed:  module.transformer.wte.weight
Freezed:  module.transformer.wpe.weight
Freezed:  module.transformer.h.0.ln_1.weight
Freezed:  module.transformer.h.0.ln_1.bias
Freezed:  module.transformer.h.0.attn.c_attn.weight
Freezed:  module.transformer.h.0.attn.c_attn.bias
Freezed:  module.transformer.h.0.attn.c_proj.weight
Freezed:  module.transformer.h.0.attn.c_proj.bias
Freezed:  module.transformer.h.0.ln_2.weight
Freezed:  module.transformer.h.0.ln_2.bias
Freezed:  module.transformer.h.0.mlp.c_fc.weight
Freezed:  module.transformer.h.0.mlp.c_fc.bias
Freezed:  module.transformer.h.0.mlp.c_proj.weight
Freezed:  module.transformer.h.0.mlp.c_proj.bias
Freezed:  module.transformer.h.1.ln_1.weight
Freezed:  module.transformer.h.1.ln_1.bias
Freezed:  module.transformer.h.1.attn.c_attn.weight
Freezed:  module.transformer.h.1.attn.c_attn.bias
Freezed:  module.transformer.h.1.attn.c_proj.weight
Freezed:  module.transformer.h.1.attn.c_proj.bias
Freezed:  module.transformer.h.1.ln_2.weight
Freezed:  module.transformer.h.1.ln_2.bias
Freezed:  module.transformer.h.1.mlp.c_fc.weight
Freezed:  module.transformer.h.1.mlp.c_fc.bias
Freezed:  module.transformer.h.1.mlp.c_proj.weight
Freezed:  module.transformer.h.1.mlp.c_proj.bias
Freezed:  module.transformer.h.2.ln_1.weight
Freezed:  module.transformer.h.2.ln_1.bias
Freezed:  module.transformer.h.2.attn.c_attn.weight
Freezed:  module.transformer.h.2.attn.c_attn.bias
Freezed:  module.transformer.h.2.attn.c_proj.weight
Freezed:  module.transformer.h.2.attn.c_proj.bias
Freezed:  module.transformer.h.2.ln_2.weight
Freezed:  module.transformer.h.2.ln_2.bias
Freezed:  module.transformer.h.2.mlp.c_fc.weight
Freezed:  module.transformer.h.2.mlp.c_fc.bias
Freezed:  module.transformer.h.2.mlp.c_proj.weight
Freezed:  module.transformer.h.2.mlp.c_proj.bias
Freezed:  module.transformer.h.3.ln_1.weight
Freezed:  module.transformer.h.3.ln_1.bias
Freezed:  module.transformer.h.3.attn.c_attn.weight
Freezed:  module.transformer.h.3.attn.c_attn.bias
Freezed:  module.transformer.h.3.attn.c_proj.weight
Freezed:  module.transformer.h.3.attn.c_proj.bias
Freezed:  module.transformer.h.3.ln_2.weight
Freezed:  module.transformer.h.3.ln_2.bias
Freezed:  module.transformer.h.3.mlp.c_fc.weight
Freezed:  module.transformer.h.3.mlp.c_fc.bias
Freezed:  module.transformer.h.3.mlp.c_proj.weight
Freezed:  module.transformer.h.3.mlp.c_proj.bias
Freezed:  module.transformer.h.4.ln_1.weight
Freezed:  module.transformer.h.4.ln_1.bias
Freezed:  module.transformer.h.4.attn.c_attn.weight
Freezed:  module.transformer.h.4.attn.c_attn.bias
Freezed:  module.transformer.h.4.attn.c_proj.weight
Freezed:  module.transformer.h.4.attn.c_proj.bias
Freezed:  module.transformer.h.4.ln_2.weight
Freezed:  module.transformer.h.4.ln_2.bias
Freezed:  module.transformer.h.4.mlp.c_fc.weight
Freezed:  module.transformer.h.4.mlp.c_fc.bias
Freezed:  module.transformer.h.4.mlp.c_proj.weight
Freezed:  module.transformer.h.4.mlp.c_proj.bias
Freezed:  module.transformer.h.5.ln_1.weight
Freezed:  module.transformer.h.5.ln_1.bias
Freezed:  module.transformer.h.5.attn.c_attn.weight
Freezed:  module.transformer.h.5.attn.c_attn.bias
Freezed:  module.transformer.h.5.attn.c_proj.weight
Freezed:  module.transformer.h.5.attn.c_proj.bias
Freezed:  module.transformer.h.5.ln_2.weight
Freezed:  module.transformer.h.5.ln_2.bias
Freezed:  module.transformer.h.5.mlp.c_fc.weight
Freezed:  module.transformer.h.5.mlp.c_fc.bias
Freezed:  module.transformer.h.5.mlp.c_proj.weight
Freezed:  module.transformer.h.5.mlp.c_proj.bias
EPOCH 3
--------------
Labels:  tensor([1, 1, 2, 4, 2, 4, 0, 2, 3, 2, 0, 1, 1, 3, 2, 0], device='cuda:0')
Preds:  tensor([1, 2, 2, 4, 0, 4, 0, 4, 4, 2, 0, 2, 0, 3, 4, 1], device='cuda:0')
Outputs:  tensor([[    0.2488,     0.5339,     0.2167,     0.0005,     0.0000],
        [    0.0789,     0.3217,     0.4372,     0.1083,     0.0538],
        [    0.0001,     0.0028,     0.9956,     0.0014,     0.0000],
        [    0.0001,     0.0003,     0.0003,     0.0498,     0.9496],
        [    0.7431,     0.1867,     0.0662,     0.0036,     0.0005],
        [    0.0003,     0.0001,     0.0005,     0.0164,     0.9827],
        [    0.9832,     0.0166,     0.0001,     0.0000,     0.0000],
        [    0.0001,     0.0001,     0.0014,     0.1198,     0.8787],
        [    0.0000,     0.0000,     0.0037,     0.3894,     0.6068],
        [    0.0534,     0.3945,     0.5467,     0.0054,     0.0000],
        [    0.3875,     0.3323,     0.2298,     0.0495,     0.0009],
        [    0.0125,     0.1768,     0.7148,     0.0941,     0.0017],
        [    0.6936,     0.2206,     0.0481,     0.0108,     0.0269],
        [    0.0018,     0.0028,     0.0398,     0.6027,     0.3529],
        [    0.0086,     0.0017,     0.0048,     0.0206,     0.9642],
        [    0.0840,     0.5486,     0.3519,     0.0155,     0.0001]],
       device='cuda:0')
Metric:  tensor(0.5000, device='cuda:0')
------------------------
Mean loss[0.9353864741011211] | Mean metric[0.6033430941922889]
Stupid loss[0.0] | Naive soulution metric[0.2]
Freezed:  module.transformer.wte.weight
Freezed:  module.transformer.wpe.weight
Freezed:  module.transformer.h.0.ln_1.weight
Freezed:  module.transformer.h.0.ln_1.bias
Freezed:  module.transformer.h.0.attn.c_attn.weight
Freezed:  module.transformer.h.0.attn.c_attn.bias
Freezed:  module.transformer.h.0.attn.c_proj.weight
