Node IP: 10.128.2.151
WARNING:torch.distributed.run:
*****************************************
Setting OMP_NUM_THREADS environment variable for each process to be 1 in default, to avoid your system being overloaded, please further tune the variable for optimal performance in your application as needed. 
*****************************************
WARNING:torch.distributed.run:
*****************************************
Setting OMP_NUM_THREADS environment variable for each process to be 1 in default, to avoid your system being overloaded, please further tune the variable for optimal performance in your application as needed. 
*****************************************
INFO:torch.distributed.launcher.api:Starting elastic_operator with launch configs:
  entrypoint       : train.py
  min_nodes        : 2
  max_nodes        : 2
  nproc_per_node   : 2
  run_id           : 26381
  rdzv_backend     : c10d
  rdzv_endpoint    : 10.128.2.151:29500
  rdzv_configs     : {'timeout': 900}
  max_restarts     : 0
  monitor_interval : 5
  log_dir          : None
  metrics_cfg      : {}

INFO:torch.distributed.launcher.api:Starting elastic_operator with launch configs:
  entrypoint       : train.py
  min_nodes        : 2
  max_nodes        : 2
  nproc_per_node   : 2
  run_id           : 26381
  rdzv_backend     : c10d
  rdzv_endpoint    : 10.128.2.151:29500
  rdzv_configs     : {'timeout': 900}
  max_restarts     : 0
  monitor_interval : 5
  log_dir          : None
  metrics_cfg      : {}

INFO:torch.distributed.elastic.agent.server.local_elastic_agent:log directory set to: /tmp/torchelastic_ld1jpti8/26381_ad1mteyd
INFO:torch.distributed.elastic.agent.server.local_elastic_agent:log directory set to: /tmp/torchelastic_7t43ru6i/26381_jnt3yiyd
INFO:torch.distributed.elastic.agent.server.api:[default] starting workers for entrypoint: python
INFO:torch.distributed.elastic.agent.server.api:[default] starting workers for entrypoint: python
INFO:torch.distributed.elastic.agent.server.api:[default] Rendezvous'ing worker group
INFO:torch.distributed.elastic.agent.server.api:[default] Rendezvous'ing worker group
INFO:torch.distributed.elastic.agent.server.api:[default] Rendezvous complete for workers. Result:
  restart_count=0
  master_addr=gpu001.hpc
  master_port=59917
  group_rank=0
  group_world_size=2
  local_ranks=[0, 1]
  role_ranks=[0, 1]
  global_ranks=[0, 1]
  role_world_sizes=[4, 4]
  global_world_sizes=[4, 4]

INFO:torch.distributed.elastic.agent.server.api:[default] Starting worker group
INFO:torch.distributed.elastic.agent.server.local_elastic_agent:Environment variable 'TORCHELASTIC_ENABLE_FILE_TIMER' not found. Do not start FileTimerServer.
INFO:torch.distributed.elastic.agent.server.api:[default] Rendezvous complete for workers. Result:
  restart_count=0
  master_addr=gpu001.hpc
  master_port=59917
  group_rank=1
  group_world_size=2
  local_ranks=[0, 1]
  role_ranks=[2, 3]
  global_ranks=[2, 3]
  role_world_sizes=[4, 4]
  global_world_sizes=[4, 4]

INFO:torch.distributed.elastic.multiprocessing:Setting worker0 reply file to: /tmp/torchelastic_ld1jpti8/26381_ad1mteyd/attempt_0/0/error.json
INFO:torch.distributed.elastic.agent.server.api:[default] Starting worker group
INFO:torch.distributed.elastic.multiprocessing:Setting worker1 reply file to: /tmp/torchelastic_ld1jpti8/26381_ad1mteyd/attempt_0/1/error.json
INFO:torch.distributed.elastic.agent.server.local_elastic_agent:Environment variable 'TORCHELASTIC_ENABLE_FILE_TIMER' not found. Do not start FileTimerServer.
INFO:torch.distributed.elastic.multiprocessing:Setting worker0 reply file to: /tmp/torchelastic_7t43ru6i/26381_jnt3yiyd/attempt_0/0/error.json
INFO:torch.distributed.elastic.multiprocessing:Setting worker1 reply file to: /tmp/torchelastic_7t43ru6i/26381_jnt3yiyd/attempt_0/1/error.json
/u/dssc/msanna00/.conda/envs/deeplearning3/lib/python3.7/site-packages/torch/cuda/__init__.py:497: UserWarning: Can't initialize NVML
  warnings.warn("Can't initialize NVML")
/u/dssc/msanna00/.conda/envs/deeplearning3/lib/python3.7/site-packages/torch/cuda/__init__.py:497: UserWarning: Can't initialize NVML
  warnings.warn("Can't initialize NVML")
PORT:  59917
WORLD SIZE:  4
MASTER NODE:  gpu001.hpc
PORT:  59917
WORLD SIZE:  4
My slurm id is:  1
My rank is:  2
MASTER NODE:  gpu001.hpc
PORT:  My slurm id is: 59917 
0
PORT:  59917
WORLD SIZE: My rank is:   40

MASTER NODE:  gpu001.hpc
My slurm id is:  0
My rank is:  1
WORLD SIZE:  4
MASTER NODE:  gpu001.hpc
My slurm id is:  1
My rank is:  3
Some weights of GPT2ForSequenceClassification were not initialized from the model checkpoint at gpt2 and are newly initialized: ['score.weight']
You should probably TRAIN this model on a down-stream task to be able to use it for predictions and inference.
Some weights of GPT2ForSequenceClassification were not initialized from the model checkpoint at gpt2 and are newly initialized: ['score.weight']
You should probably TRAIN this model on a down-stream task to be able to use it for predictions and inference.
Some weights of GPT2ForSequenceClassification were not initialized from the model checkpoint at gpt2 and are newly initialized: ['score.weight']
You should probably TRAIN this model on a down-stream task to be able to use it for predictions and inference.
Some weights of GPT2ForSequenceClassification were not initialized from the model checkpoint at gpt2 and are newly initialized: ['score.weight']
You should probably TRAIN this model on a down-stream task to be able to use it for predictions and inference.
------------------------

------------------------

------------------------

------------------------

Loading checkpoint...
Loading checkpoint...
Loading checkpoint...
Loading checkpoint...
Retrieving epoch...
Loading model state...
Retrieving epoch...
Loading model state...
Retrieving epoch...
Loading model state...
Retrieving epoch...
Loading scheduler state...
Loading model state...
Loading optmizer state...
Loading scheduler state...
Loading scheduler state...
Loading optmizer state...
Loading optmizer state...
Loading scheduler state...
LOADED!
Loading optmizer state...
I'm process 2 using GPU 0
LOADED!
LOADED!
I'm process 0 using GPU 0
I'm process 3 using GPU 1
LOADED!
I'm process 1 using GPU 1
Labels:  tensor([3, 0, 0, 1, 0, 3, 0, 0, 3, 1, 4, 4, 4, 1, 2, 0], device='cuda:1')
Preds:  tensor([4, 0, 2, 1, 0, 2, 0, 1, 3, 1, 2, 3, 4, 1, 2, 0], device='cuda:1')
Outputs:  tensor([[    0.0002,     0.0005,     0.0166,     0.4291,     0.5536],
        [    0.6447,     0.3193,     0.0328,     0.0015,     0.0017],
        [    0.1635,     0.3628,     0.4456,     0.0267,     0.0013],
        [    0.3510,     0.5106,     0.1362,     0.0021,     0.0002],
        [    0.8437,     0.1382,     0.0180,     0.0001,     0.0000],
        [    0.0277,     0.1646,     0.6667,     0.1360,     0.0050],
        [    0.8812,     0.1110,     0.0078,     0.0000,     0.0000],
        [    0.3013,     0.6622,     0.0356,     0.0008,     0.0001],
        [    0.0000,     0.0011,     0.3351,     0.6141,     0.0496],
        [    0.2365,     0.4946,     0.2593,     0.0088,     0.0008],
        [    0.2753,     0.1622,     0.2754,     0.1277,     0.1593],
        [    0.0557,     0.0648,     0.3865,     0.4030,     0.0901],
        [    0.0003,     0.0002,     0.0033,     0.1611,     0.8352],
        [    0.2424,     0.5725,     0.1410,     0.0354,     0.0086],
Labels:  tensor([2, 2, 1, 1, 1, 4, 4, 4, 3, 2, 0, 3, 3, 4, 0, 3], device='cuda:0')
        [    0.0035,     0.1230,     0.8408,     0.0323,     0.0004],
        [    0.9878,     0.0121,     0.0001,     0.0000,     0.0000]],
       device='cuda:1')
Preds:  tensor([3, 3, 2, 1, 0, 4, 4, 4, 2, 2, 1, 2, 4, 4, 0, 3], device='cuda:0')
Metric:  tensor(0.6250, device='cuda:1')
Outputs:  tensor([[    0.0001,     0.0004,     0.0356,     0.5580,     0.4060],
        [    0.0001,     0.0005,     0.0209,     0.6644,     0.3140],
        [    0.0089,     0.0703,     0.5461,     0.3230,     0.0517],
        [    0.1075,     0.5711,     0.3123,     0.0089,     0.0001],
        [    0.6881,     0.2876,     0.0233,     0.0007,     0.0003],
        [    0.0000,     0.0001,     0.0018,     0.0818,     0.9162],
        [    0.0002,     0.0001,     0.0013,     0.0337,     0.9647],
        [    0.0013,     0.0016,     0.0141,     0.1216,     0.8613],
        [    0.0045,     0.0273,     0.6377,     0.2809,     0.0495],
        [    0.0037,     0.0528,     0.5636,     0.3720,     0.0079],
        [    0.0439,     0.6171,     0.3145,     0.0210,     0.0035],
        [    0.0024,     0.0648,     0.7378,     0.1710,     0.0240],
        [    0.0001,     0.0003,     0.0073,     0.3586,     0.6338],
        [    0.0001,     0.0004,     0.0013,     0.0861,     0.9122],
------------------------
        [    0.9479,     0.0512,     0.0009,     0.0000,     0.0000],
        [    0.0000,     0.0001,     0.0184,     0.8788,     0.1027]],
       device='cuda:0')
Labels:  tensor([3, 1, 1, 4, 0, 2, 4, 1, 3, 0, 2, 3, 2, 2, 4, 4], device='cuda:0')
Metric:  tensor(0.5000, device='cuda:0')
Preds:  tensor([3, 0, 1, 4, 0, 2, 4, 1, 3, 0, 1, 4, 1, 2, 4, 4], device='cuda:0')
------------------------
Outputs:  tensor([[    0.0000,     0.0009,     0.0599,     0.9390,     0.0001],
        [    0.4779,     0.4531,     0.0679,     0.0009,     0.0002],
        [    0.3704,     0.4661,     0.1576,     0.0056,     0.0003],
        [    0.0006,     0.0002,     0.0017,     0.0412,     0.9563],
        [    0.7224,     0.1234,     0.0916,     0.0358,     0.0268],
        [    0.0012,     0.0704,     0.8171,     0.1107,     0.0006],
        [    0.0023,     0.0011,     0.0076,     0.1729,     0.8162],
        [    0.4715,     0.4834,     0.0451,     0.0001,     0.0000],
        [    0.0000,     0.0011,     0.3228,     0.6571,     0.0190],
        [    0.5069,     0.2521,     0.2247,     0.0161,     0.0001],
        [    0.1789,     0.5573,     0.2590,     0.0044,     0.0004],
        [    0.0001,     0.0001,     0.0031,     0.2412,     0.7554],
        [    0.0653,     0.6336,     0.2991,     0.0020,     0.0000],
        [    0.0230,     0.1441,     0.5212,     0.2483,     0.0634],
Labels:  tensor([0, 4, 2, 3, 0, 1, 2, 2, 3, 2, 2, 4, 4, 1, 1, 2], device='cuda:1')
        [    0.0002,     0.0002,     0.0113,     0.4234,     0.5650],
        [    0.0003,     0.0002,     0.0039,     0.1367,     0.8589]],
       device='cuda:0')
Preds:  tensor([0, 4, 1, 4, 0, 2, 3, 2, 2, 2, 0, 4, 4, 1, 1, 4], device='cuda:1')
Metric:  tensor(0.7500, device='cuda:0')
Outputs:  tensor([[    0.7115,     0.2747,     0.0137,     0.0001,     0.0000],
        [    0.0002,     0.0001,     0.0009,     0.0635,     0.9354],
        [    0.0337,     0.7347,     0.1826,     0.0427,     0.0063],
        [    0.0001,     0.0000,     0.0002,     0.0171,     0.9826],
        [    0.9912,     0.0067,     0.0007,     0.0003,     0.0012],
        [    0.0698,     0.3148,     0.4999,     0.1132,     0.0022],
        [    0.0009,     0.0069,     0.1138,     0.5211,     0.3574],
        [    0.0006,     0.0161,     0.5793,     0.3963,     0.0077],
        [    0.0955,     0.4100,     0.4545,     0.0396,     0.0005],
        [    0.0027,     0.0471,     0.6115,     0.3231,     0.0157],
        [    0.6614,     0.2902,     0.0466,     0.0012,     0.0006],
        [    0.0001,     0.0001,     0.0011,     0.0837,     0.9150],
        [    0.0002,     0.0000,     0.0001,     0.0010,     0.9987],
        [    0.0116,     0.5095,     0.4072,     0.0627,     0.0091],
------------------------
        [    0.0022,     0.9957,     0.0016,     0.0004,     0.0001],
        [    0.0028,     0.0019,     0.0212,     0.2851,     0.6890]],
       device='cuda:1')
Metric:  tensor(0.5625, device='cuda:1')
------------------------
Labels:  tensor([2, 0, 4, 4, 4, 0, 0, 2, 4, 0, 4, 0, 0, 0, 1, 2], device='cuda:1')
Preds:  tensor([2, 0, 4, 4, 4, 0, 0, 2, 4, 1, 4, 4, 0, 0, 2, 2], device='cuda:1')
Outputs:  tensor([[    0.0194,     0.0385,     0.5196,     0.3505,     0.0719],
        [    0.4826,     0.4548,     0.0602,     0.0019,     0.0005],
        [    0.0001,     0.0004,     0.0001,     0.0126,     0.9867],
        [    0.0001,     0.0000,     0.0004,     0.0479,     0.9516],
        [    0.0005,     0.0007,     0.0117,     0.2337,     0.7534],
        [    0.6194,     0.3165,     0.0609,     0.0026,     0.0006],
        [    0.7427,     0.2150,     0.0391,     0.0030,     0.0002],
        [    0.0326,     0.2423,     0.7042,     0.0207,     0.0002],
        [    0.0002,     0.0006,     0.0220,     0.3069,     0.6703],
        [    0.0924,     0.5098,     0.3885,     0.0090,     0.0003],
        [    0.0006,     0.0004,     0.0079,     0.2138,     0.7773],
        [    0.0628,     0.0500,     0.0696,     0.1311,     0.6864],
        [    0.6424,     0.3367,     0.0190,     0.0005,     0.0014],
        [    0.9176,     0.0812,     0.0012,     0.0000,     0.0000],
        [    0.0121,     0.2641,     0.7004,     0.0234,     0.0000],
        [    0.1088,     0.1757,     0.3013,     0.1321,     0.2821]],
       device='cuda:1')
Metric:  tensor(0.8125, device='cuda:1')
------------------------
Labels:  tensor([0, 1, 4, 2, 3, 2, 1, 0, 2, 2, 2, 0, 2, 4, 3, 4], device='cuda:0')
Preds:  tensor([0, 1, 4, 1, 0, 2, 1, 0, 1, 3, 3, 0, 2, 4, 0, 4], device='cuda:0')
Outputs:  tensor([[    0.5586,     0.4182,     0.0232,     0.0001,     0.0000],
        [    0.1723,     0.8009,     0.0266,     0.0001,     0.0000],
        [    0.0001,     0.0003,     0.0116,     0.2452,     0.7427],
        [    0.3368,     0.5339,     0.1277,     0.0015,     0.0001],
        [    0.6167,     0.2670,     0.1106,     0.0052,     0.0005],
        [    0.0452,     0.0506,     0.8258,     0.0526,     0.0258],
        [    0.1769,     0.4899,     0.3318,     0.0013,     0.0000],
        [    0.9334,     0.0640,     0.0023,     0.0001,     0.0001],
        [    0.3678,     0.3861,     0.2309,     0.0127,     0.0026],
        [    0.0002,     0.0014,     0.0886,     0.6766,     0.2331],
        [    0.0019,     0.0310,     0.4223,     0.5006,     0.0442],
        [    0.9233,     0.0737,     0.0029,     0.0002,     0.0000],
        [    0.0008,     0.0251,     0.5131,     0.4550,     0.0061],
        [    0.0002,     0.0002,     0.0076,     0.2186,     0.7734],
        [    0.5928,     0.3364,     0.0702,     0.0005,     0.0001],
        [    0.0001,     0.0002,     0.0002,     0.0167,     0.9828]],
       device='cuda:0')
Labels:  tensor([1, 1, 1, 1, 2, 1, 0, 0, 4, 4, 2, 1, 3, 0, 0, 1], device='cuda:0')
Metric:  tensor(0.6250, device='cuda:0')
Preds:  tensor([3, 1, 2, 3, 2, 2, 0, 0, 4, 4, 2, 1, 3, 0, 0, 1], device='cuda:0')
------------------------
Outputs:  tensor([[    0.0013,     0.0174,     0.3244,     0.5439,     0.1131],
        [    0.3112,     0.3740,     0.3045,     0.0098,     0.0005],
        [    0.0520,     0.3822,     0.5295,     0.0351,     0.0011],
        [    0.1875,     0.1302,     0.2230,     0.2353,     0.2240],
        [    0.0146,     0.4036,     0.5114,     0.0678,     0.0026],
        [    0.0757,     0.4365,     0.4440,     0.0350,     0.0087],
        [    0.8384,     0.1360,     0.0191,     0.0024,     0.0041],
        [    0.7887,     0.2046,     0.0067,     0.0000,     0.0000],
        [    0.0009,     0.0004,     0.0036,     0.1549,     0.8403],
        [    0.0003,     0.0001,     0.0009,     0.0447,     0.9540],
        [    0.0053,     0.1165,     0.7923,     0.0855,     0.0004],
        [    0.4192,     0.4195,     0.1415,     0.0107,     0.0091],
        [    0.0001,     0.0029,     0.4532,     0.5438,     0.0000],
        [    0.6475,     0.3191,     0.0321,     0.0012,     0.0000],
        [    0.7264,     0.2215,     0.0451,     0.0040,     0.0030],
        [    0.1884,     0.5766,     0.2315,     0.0034,     0.0001]],
       device='cuda:0')
Metric:  tensor(0.7500, device='cuda:0')
------------------------
Labels:  tensor([3, 2, 3, 1, 3, 4, 3, 0, 3, 1, 1, 0, 0, 3, 2, 0], device='cuda:1')
Preds:  tensor([3, 2, 3, 1, 2, 4, 3, 1, 4, 1, 1, 0, 0, 3, 2, 2], device='cuda:1')
Outputs:  tensor([[    0.0009,     0.0077,     0.3953,     0.5893,     0.0068],
        [    0.0004,     0.0179,     0.6249,     0.3501,     0.0068],
        [    0.0013,     0.0257,     0.4792,     0.4892,     0.0046],
        [    0.4219,     0.4696,     0.1072,     0.0012,     0.0001],
        [    0.0008,     0.0387,     0.9355,     0.0243,     0.0007],
        [    0.0002,     0.0003,     0.0053,     0.1785,     0.8157],
        [    0.0135,     0.0722,     0.4143,     0.4479,     0.0521],
        [    0.1812,     0.5740,     0.2430,     0.0017,     0.0000],
        [    0.0000,     0.0000,     0.0026,     0.2861,     0.7113],
        [    0.1456,     0.5299,     0.2777,     0.0419,     0.0050],
        [    0.1662,     0.5322,     0.2932,     0.0080,     0.0004],
        [    0.9384,     0.0587,     0.0028,     0.0001,     0.0000],
        [    0.6247,     0.3171,     0.0548,     0.0029,     0.0004],
        [    0.0016,     0.0303,     0.3923,     0.5405,     0.0352],
        [    0.1034,     0.3492,     0.4379,     0.0907,     0.0188],
        [    0.0413,     0.2160,     0.6113,     0.1297,     0.0018]],
       device='cuda:1')
Metric:  tensor(0.7500, device='cuda:1')
------------------------
Labels:  tensor([2, 3, 4, 0, 1, 3, 4, 3, 4, 2, 1, 0, 4, 4, 4, 4], device='cuda:1')
Preds:  tensor([1, 3, 4, 1, 2, 4, 4, 2, 4, 2, 0, 0, 4, 4, 3, 4], device='cuda:1')
Outputs:  tensor([[    0.0378,     0.5331,     0.4245,     0.0045,     0.0001],
        [    0.0001,     0.0004,     0.0541,     0.7748,     0.1707],
        [    0.0013,     0.0005,     0.0013,     0.0122,     0.9847],
        [    0.2340,     0.7060,     0.0595,     0.0005,     0.0001],
        [    0.0540,     0.2246,     0.4402,     0.2327,     0.0485],
        [    0.0012,     0.0017,     0.0268,     0.2539,     0.7164],
        [    0.0007,     0.0001,     0.0009,     0.0094,     0.9888],
        [    0.0044,     0.2314,     0.7519,     0.0122,     0.0001],
        [    0.0001,     0.0002,     0.0001,     0.0016,     0.9981],
        [    0.0010,     0.0297,     0.7173,     0.2461,     0.0060],
        [    0.5359,     0.4109,     0.0516,     0.0012,     0.0004],
        [    0.7623,     0.2190,     0.0184,     0.0003,     0.0000],
        [    0.0001,     0.0001,     0.0014,     0.0814,     0.9171],
        [    0.0012,     0.0009,     0.0197,     0.3985,     0.5797],
        [    0.0026,     0.0072,     0.1293,     0.5724,     0.2886],
        [    0.0003,     0.0001,     0.0020,     0.1483,     0.8492]],
       device='cuda:1')
Metric:  tensor(0.5625, device='cuda:1')
------------------------
Labels:  tensor([3, 3, 3, 2, 1, 3, 1, 1, 2, 2, 0, 3, 3, 4, 4, 2], device='cuda:0')
Preds:  tensor([3, 2, 2, 2, 1, 2, 1, 0, 2, 2, 0, 4, 2, 4, 4, 0], device='cuda:0')
Outputs:  tensor([[    0.0001,     0.0003,     0.0205,     0.6093,     0.3698],
        [    0.0005,     0.0079,     0.8248,     0.1497,     0.0172],
        [    0.0010,     0.0225,     0.7489,     0.2232,     0.0045],
        [    0.0284,     0.1837,     0.6876,     0.0994,     0.0009],
        [    0.4061,     0.5383,     0.0544,     0.0011,     0.0001],
        [    0.0315,     0.0886,     0.4410,     0.3604,     0.0785],
        [    0.2263,     0.6397,     0.1325,     0.0015,     0.0000],
        [    0.9891,     0.0106,     0.0002,     0.0000,     0.0000],
        [    0.0004,     0.0091,     0.5320,     0.4363,     0.0222],
        [    0.0616,     0.3046,     0.4735,     0.1527,     0.0076],
        [    0.5854,     0.3501,     0.0642,     0.0003,     0.0000],
        [    0.0000,     0.0000,     0.0001,     0.0098,     0.9900],
        [    0.0010,     0.0443,     0.7314,     0.2214,     0.0018],
        [    0.0001,     0.0001,     0.0031,     0.2214,     0.7754],
        [    0.0024,     0.0019,     0.0263,     0.1383,     0.8311],
        [    0.7452,     0.2325,     0.0215,     0.0006,     0.0001]],
       device='cuda:0')
Metric:  tensor(0.5625, device='cuda:0')
------------------------
Labels:  tensor([4, 0, 4, 0, 4, 1, 1, 3, 0, 4, 4, 3, 0, 2, 3, 0], device='cuda:0')
Preds:  tensor([4, 0, 4, 0, 4, 1, 1, 1, 0, 3, 4, 3, 1, 1, 4, 0], device='cuda:0')
Outputs:  tensor([[    0.0004,     0.0002,     0.0039,     0.1383,     0.8572],
        [    0.7573,     0.2050,     0.0368,     0.0009,     0.0001],
        [    0.0004,     0.0003,     0.0082,     0.3199,     0.6712],
        [    0.8527,     0.1412,     0.0060,     0.0001,     0.0000],
        [    0.0382,     0.0330,     0.1050,     0.2133,     0.6104],
        [    0.0029,     0.9773,     0.0185,     0.0012,     0.0002],
        [    0.1458,     0.5446,     0.3025,     0.0067,     0.0003],
        [    0.0448,     0.3222,     0.1875,     0.1638,     0.2817],
        [    0.9875,     0.0121,     0.0004,     0.0000,     0.0000],
        [    0.0010,     0.0061,     0.2023,     0.4651,     0.3255],
        [    0.0001,     0.0017,     0.0043,     0.2445,     0.7493],
        [    0.0004,     0.0048,     0.2842,     0.6541,     0.0565],
        [    0.2999,     0.6399,     0.0600,     0.0002,     0.0000],
        [    0.1268,     0.5019,     0.3539,     0.0171,     0.0002],
        [    0.0001,     0.0001,     0.0036,     0.2747,     0.7215],
        [    0.9199,     0.0751,     0.0049,     0.0001,     0.0000]],
       device='cuda:0')
Metric:  tensor(0.6875, device='cuda:0')
------------------------
Labels:  tensor([3, 2, 3, 2, 3, 0, 2, 4, 1, 1, 1, 1, 0, 0, 0, 0], device='cuda:1')
Preds:  tensor([4, 2, 2, 2, 4, 0, 1, 4, 2, 0, 1, 0, 0, 0, 0, 0], device='cuda:1')
Outputs:  tensor([[    0.0005,     0.0006,     0.0152,     0.2233,     0.7604],
        [    0.0245,     0.1338,     0.6386,     0.1973,     0.0058],
        [    0.0009,     0.0284,     0.9373,     0.0333,     0.0002],
        [    0.0031,     0.0284,     0.9546,     0.0136,     0.0004],
        [    0.0002,     0.0002,     0.0040,     0.1891,     0.8064],
        [    0.7604,     0.2313,     0.0081,     0.0001,     0.0000],
        [    0.3949,     0.4453,     0.1491,     0.0096,     0.0012],
        [    0.0007,     0.0006,     0.0036,     0.1140,     0.8811],
        [    0.0098,     0.1126,     0.6968,     0.1705,     0.0103],
        [    0.7417,     0.1182,     0.0479,     0.0233,     0.0689],
        [    0.2283,     0.6116,     0.1591,     0.0010,     0.0000],
        [    0.3701,     0.2662,     0.3429,     0.0185,     0.0022],
        [    0.9940,     0.0042,     0.0011,     0.0002,     0.0005],
        [    0.7149,     0.2472,     0.0353,     0.0018,     0.0008],
        [    0.9858,     0.0140,     0.0001,     0.0000,     0.0000],
        [    0.9995,     0.0004,     0.0001,     0.0000,     0.0000]],
       device='cuda:1')
Metric:  tensor(0.5625, device='cuda:1')
------------------------
Labels:  tensor([4, 4, 4, 2, 3, 2, 4, 1, 2, 1, 1, 2, 0, 1, 0, 1], device='cuda:1')
Preds:  tensor([4, 4, 4, 1, 2, 3, 4, 1, 2, 2, 1, 2, 0, 0, 0, 2], device='cuda:1')
Outputs:  tensor([[    0.0001,     0.0003,     0.0112,     0.1563,     0.8321],
        [    0.0002,     0.0001,     0.0052,     0.2579,     0.7366],
        [    0.0001,     0.0001,     0.0012,     0.0416,     0.9569],
        [    0.2184,     0.5565,     0.2234,     0.0017,     0.0000],
        [    0.0035,     0.0285,     0.6554,     0.2623,     0.0502],
        [    0.0003,     0.0029,     0.1274,     0.7634,     0.1060],
        [    0.0006,     0.0002,     0.0009,     0.0075,     0.9908],
        [    0.1130,     0.4983,     0.3506,     0.0370,     0.0010],
        [    0.0014,     0.0896,     0.8611,     0.0477,     0.0002],
        [    0.0321,     0.2966,     0.5988,     0.0716,     0.0008],
        [    0.2916,     0.3396,     0.2946,     0.0715,     0.0028],
        [    0.0039,     0.1706,     0.7961,     0.0291,     0.0002],
        [    0.9926,     0.0073,     0.0001,     0.0000,     0.0000],
        [    0.7220,     0.2584,     0.0192,     0.0004,     0.0000],
        [    0.7961,     0.1960,     0.0077,     0.0002,     0.0000],
        [    0.0061,     0.1161,     0.7298,     0.1470,     0.0010]],
       device='cuda:1')
Metric:  tensor(0.6250, device='cuda:1')
------------------------
Labels:  tensor([4, 1, 1, 0, 0, 1, 2, 4, 2, 4, 4, 1, 0, 1, 2, 1], device='cuda:0')
Preds:  tensor([4, 1, 0, 0, 0, 1, 2, 4, 2, 4, 4, 4, 0, 0, 2, 0], device='cuda:0')
Outputs:  tensor([[    0.0008,     0.0006,     0.0026,     0.0690,     0.9270],
        [    0.2294,     0.6082,     0.1572,     0.0047,     0.0005],
        [    0.9554,     0.0436,     0.0010,     0.0000,     0.0000],
        [    0.8302,     0.1593,     0.0100,     0.0003,     0.0002],
        [    0.7354,     0.2490,     0.0150,     0.0004,     0.0002],
        [    0.0858,     0.6335,     0.2795,     0.0011,     0.0000],
        [    0.0542,     0.2919,     0.4984,     0.1400,     0.0156],
        [    0.0000,     0.0000,     0.0002,     0.1259,     0.8738],
        [    0.0240,     0.3668,     0.5912,     0.0181,     0.0000],
        [    0.0011,     0.0007,     0.0078,     0.3038,     0.6867],
        [    0.0139,     0.0124,     0.0475,     0.0770,     0.8493],
        [    0.2740,     0.0779,     0.0958,     0.1322,     0.4201],
        [    0.9178,     0.0808,     0.0014,     0.0000,     0.0000],
        [    0.5295,     0.3283,     0.1339,     0.0069,     0.0014],
        [    0.1628,     0.3309,     0.4416,     0.0611,     0.0037],
        [    0.6420,     0.2831,     0.0710,     0.0035,     0.0004]],
       device='cuda:0')
Metric:  tensor(0.7500, device='cuda:0')
------------------------
Labels:  tensor([2, 0, 1, 3, 4, 2, 0, 0, 2, 1, 0, 1, 1, 2, 3, 4], device='cuda:0')
Preds:  tensor([4, 0, 2, 2, 4, 2, 1, 0, 1, 0, 0, 0, 0, 1, 4, 4], device='cuda:0')
Outputs:  tensor([[    0.0001,     0.0001,     0.0027,     0.1631,     0.8340],
        [    0.8474,     0.1365,     0.0155,     0.0005,     0.0002],
        [    0.0025,     0.0727,     0.8304,     0.0943,     0.0001],
        [    0.0010,     0.0511,     0.9151,     0.0327,     0.0001],
        [    0.0010,     0.0004,     0.0024,     0.0265,     0.9696],
        [    0.0040,     0.1857,     0.6469,     0.1615,     0.0018],
        [    0.4023,     0.4933,     0.1027,     0.0017,     0.0000],
        [    0.8505,     0.1287,     0.0206,     0.0002,     0.0000],
        [    0.0408,     0.7519,     0.1762,     0.0277,     0.0034],
        [    0.5774,     0.3221,     0.0844,     0.0091,     0.0070],
        [    0.9930,     0.0069,     0.0001,     0.0000,     0.0000],
        [    0.6298,     0.2770,     0.0901,     0.0031,     0.0000],
        [    0.7486,     0.1700,     0.0710,     0.0078,     0.0026],
        [    0.0212,     0.7754,     0.1739,     0.0273,     0.0021],
        [    0.0012,     0.0036,     0.0559,     0.3553,     0.5840],
        [    0.0001,     0.0001,     0.0002,     0.0400,     0.9597]],
       device='cuda:0')
Metric:  tensor(0.3750, device='cuda:0')
------------------------
Labels:  tensor([1, 1, 2, 1, 1, 4, 1, 4, 4, 1, 3, 2, 4, 3, 3, 4], device='cuda:1')
Preds:  tensor([2, 2, 2, 0, 1, 4, 0, 3, 4, 1, 2, 2, 4, 2, 4, 4], device='cuda:1')
Outputs:  tensor([[    0.0325,     0.1576,     0.5158,     0.2336,     0.0606],
        [    0.0988,     0.4096,     0.4535,     0.0373,     0.0008],
        [    0.0373,     0.2506,     0.6001,     0.1118,     0.0002],
        [    0.6084,     0.3055,     0.0852,     0.0009,     0.0001],
        [    0.3237,     0.5887,     0.0871,     0.0005,     0.0000],
        [    0.0016,     0.0015,     0.0043,     0.0656,     0.9271],
        [    0.6260,     0.3313,     0.0414,     0.0011,     0.0003],
        [    0.0001,     0.0001,     0.0070,     0.5201,     0.4728],
        [    0.0008,     0.0004,     0.0016,     0.0442,     0.9531],
        [    0.3357,     0.5633,     0.0993,     0.0017,     0.0001],
        [    0.0071,     0.1059,     0.7986,     0.0883,     0.0001],
        [    0.0009,     0.0755,     0.7078,     0.2119,     0.0039],
        [    0.0002,     0.0004,     0.0056,     0.1922,     0.8016],
        [    0.0003,     0.0100,     0.6632,     0.3158,     0.0107],
        [    0.0004,     0.0004,     0.0106,     0.1353,     0.8533],
        [    0.0001,     0.0003,     0.0127,     0.4217,     0.5653]],
       device='cuda:1')
Metric:  tensor(0.5000, device='cuda:1')
------------------------
Labels:  tensor([4, 4, 2, 0, 0, 4, 4, 1, 4, 2, 0, 1, 1, 2, 2, 1], device='cuda:1')
Preds:  tensor([4, 4, 1, 3, 0, 4, 4, 1, 4, 2, 3, 1, 2, 1, 2, 2], device='cuda:1')
Outputs:  tensor([[    0.0009,     0.0004,     0.0056,     0.0943,     0.8987],
        [    0.0009,     0.0006,     0.0043,     0.1224,     0.8719],
        [    0.4388,     0.4774,     0.0805,     0.0031,     0.0002],
        [    0.0004,     0.0020,     0.0795,     0.5425,     0.3756],
        [    0.4623,     0.2038,     0.2239,     0.0657,     0.0443],
        [    0.0012,     0.0007,     0.0028,     0.0303,     0.9650],
        [    0.0006,     0.0005,     0.0072,     0.1907,     0.8010],
        [    0.2298,     0.6256,     0.1436,     0.0009,     0.0000],
        [    0.0001,     0.0002,     0.0075,     0.2070,     0.7852],
        [    0.0685,     0.2352,     0.5731,     0.1181,     0.0052],
        [    0.0006,     0.0088,     0.2718,     0.6328,     0.0860],
        [    0.3417,     0.3673,     0.2338,     0.0468,     0.0104],
        [    0.0035,     0.0734,     0.8905,     0.0320,     0.0006],
        [    0.1711,     0.4880,     0.3243,     0.0164,     0.0003],
        [    0.0244,     0.2680,     0.4616,     0.2306,     0.0153],
        [    0.0171,     0.2950,     0.6583,     0.0291,     0.0005]],
       device='cuda:1')
Metric:  tensor(0.6250, device='cuda:1')
------------------------
Mean loss[0.9203105719860964] | Mean metric[0.6059053196681308]
Stupid loss[0.0] | Naive soulution metric[0.2]
Freezed:  module.transformer.wte.weight
Freezed:  module.transformer.wpe.weight
Freezed:  module.transformer.h.0.ln_1.weight
Freezed:  module.transformer.h.0.ln_1.bias
Freezed:  module.transformer.h.0.attn.c_attn.weight
Freezed:  module.transformer.h.0.attn.c_attn.bias
Freezed:  module.transformer.h.0.attn.c_proj.weight
Freezed:  module.transformer.h.0.attn.c_proj.bias
Freezed:  module.transformer.h.0.ln_2.weight
Freezed:  module.transformer.h.0.ln_2.bias
Freezed:  module.transformer.h.0.mlp.c_fc.weight
Freezed:  module.transformer.h.0.mlp.c_fc.bias
Freezed:  module.transformer.h.0.mlp.c_proj.weight
Freezed:  module.transformer.h.0.mlp.c_proj.bias
Freezed:  module.transformer.h.1.ln_1.weight
Freezed:  module.transformer.h.1.ln_1.bias
Freezed:  module.transformer.h.1.attn.c_attn.weight
Freezed:  module.transformer.h.1.attn.c_attn.bias
Freezed:  module.transformer.h.1.attn.c_proj.weight
Freezed:  module.transformer.h.1.attn.c_proj.bias
Freezed:  module.transformer.h.1.ln_2.weight
Freezed:  module.transformer.h.1.ln_2.bias
Freezed:  module.transformer.h.1.mlp.c_fc.weight
Freezed:  module.transformer.h.1.mlp.c_fc.bias
Freezed:  module.transformer.h.1.mlp.c_proj.weight
Freezed:  module.transformer.h.1.mlp.c_proj.bias
Freezed:  module.transformer.h.2.ln_1.weight
Freezed:  module.transformer.h.2.ln_1.bias
Freezed:  module.transformer.h.2.attn.c_attn.weight
Freezed:  module.transformer.h.2.attn.c_attn.bias
Freezed:  module.transformer.h.2.attn.c_proj.weight
Freezed:  module.transformer.h.2.attn.c_proj.bias
Freezed:  module.transformer.h.2.ln_2.weight
Freezed:  module.transformer.h.2.ln_2.bias
Freezed:  module.transformer.h.2.mlp.c_fc.weight
Freezed:  module.transformer.h.2.mlp.c_fc.bias
Freezed:  module.transformer.h.2.mlp.c_proj.weight
Freezed:  module.transformer.h.2.mlp.c_proj.bias
Freezed:  module.transformer.h.3.ln_1.weight
Freezed:  module.transformer.h.3.ln_1.bias
Freezed:  module.transformer.h.3.attn.c_attn.weight
Freezed:  module.transformer.h.3.attn.c_attn.bias
Freezed:  module.transformer.h.3.attn.c_proj.weight
Freezed:  module.transformer.h.3.attn.c_proj.bias
Freezed:  module.transformer.h.3.ln_2.weight
Freezed:  module.transformer.h.3.ln_2.bias
Freezed:  module.transformer.h.3.mlp.c_fc.weight
Freezed:  module.transformer.h.3.mlp.c_fc.bias
Freezed:  module.transformer.h.3.mlp.c_proj.weight
Freezed:  module.transformer.h.3.mlp.c_proj.bias
Freezed:  module.transformer.h.4.ln_1.weight
Freezed:  module.transformer.h.4.ln_1.bias
Freezed:  module.transformer.h.4.attn.c_attn.weight
Freezed:  module.transformer.h.4.attn.c_attn.bias
Freezed:  module.transformer.h.4.attn.c_proj.weight
Freezed:  module.transformer.h.4.attn.c_proj.bias
Freezed:  module.transformer.h.4.ln_2.weight
Freezed:  module.transformer.h.4.ln_2.bias
Freezed:  module.transformer.h.4.mlp.c_fc.weight
Freezed:  module.transformer.h.4.mlp.c_fc.bias
Freezed:  module.transformer.h.4.mlp.c_proj.weight
Freezed:  module.transformer.h.4.mlp.c_proj.bias
Freezed:  module.transformer.h.5.ln_1.weight
Freezed:  module.transformer.h.5.ln_1.bias
Freezed:  module.transformer.h.5.attn.c_attn.weight
Freezed:  module.transformer.h.5.attn.c_attn.bias
Freezed:  module.transformer.h.5.attn.c_proj.weight
Freezed:  module.transformer.h.5.attn.c_proj.bias
Freezed:  module.transformer.h.5.ln_2.weight
Freezed:  module.transformer.h.5.ln_2.bias
Freezed:  module.transformer.h.5.mlp.c_fc.weight
Freezed:  module.transformer.h.5.mlp.c_fc.bias
Freezed:  module.transformer.h.5.mlp.c_proj.weight
Freezed:  module.transformer.h.5.mlp.c_proj.bias
EPOCH 2
--------------
Labels:  tensor([1, 1, 2, 4, 2, 4, 0, 2, 3, 2, 0, 1, 1, 3, 2, 0], device='cuda:0')
Preds:  tensor([1, 2, 2, 4, 0, 4, 0, 4, 4, 2, 1, 2, 0, 3, 4, 1], device='cuda:0')
Outputs:  tensor([[    0.2448,     0.5265,     0.2279,     0.0007,     0.0000],
        [    0.0991,     0.3684,     0.4055,     0.0864,     0.0408],
        [    0.0001,     0.0027,     0.9957,     0.0015,     0.0000],
        [    0.0001,     0.0001,     0.0003,     0.0429,     0.9566],
        [    0.7465,     0.1866,     0.0628,     0.0036,     0.0004],
        [    0.0002,     0.0001,     0.0004,     0.0145,     0.9848],
        [    0.9786,     0.0212,     0.0002,     0.0000,     0.0000],
        [    0.0001,     0.0001,     0.0014,     0.1106,     0.8879],
        [    0.0000,     0.0000,     0.0030,     0.3389,     0.6580],
        [    0.0676,     0.4493,     0.4785,     0.0047,     0.0000],
        [    0.2998,     0.3539,     0.2832,     0.0620,     0.0011],
        [    0.0163,     0.2018,     0.6905,     0.0895,     0.0018],
        [    0.7045,     0.2197,     0.0400,     0.0088,     0.0270],
        [    0.0014,     0.0023,     0.0429,     0.6107,     0.3427],
        [    0.0051,     0.0013,     0.0034,     0.0157,     0.9745],
        [    0.0797,     0.5360,     0.3672,     0.0170,     0.0001]],
       device='cuda:0')
Metric:  tensor(0.4375, device='cuda:0')
------------------------
Mean loss[0.9233505789857774] | Mean metric[0.6079184968277208]
Stupid loss[0.0] | Naive soulution metric[0.2]
Freezed:  module.transformer.wte.weight
Freezed:  module.transformer.wpe.weight
Freezed:  module.transformer.h.0.ln_1.weight
Freezed:  module.transformer.h.0.ln_1.bias
Freezed:  module.transformer.h.0.attn.c_attn.weight
Freezed:  module.transformer.h.0.attn.c_attn.bias
Freezed:  module.transformer.h.0.attn.c_proj.weight
Freezed:  module.transformer.h.0.attn.c_proj.bias
Freezed:  module.transformer.h.0.ln_2.weight
Freezed:  module.transformer.h.0.ln_2.bias
Freezed:  module.transformer.h.0.mlp.c_fc.weight
Freezed:  module.transformer.h.0.mlp.c_fc.bias
Freezed:  module.transformer.h.0.mlp.c_proj.weight
Freezed:  module.transformer.h.0.mlp.c_proj.bias
Freezed:  module.transformer.h.1.ln_1.weight
Freezed:  module.transformer.h.1.ln_1.bias
Freezed:  module.transformer.h.1.attn.c_attn.weight
Freezed:  module.transformer.h.1.attn.c_attn.bias
Freezed:  module.transformer.h.1.attn.c_proj.weight
Freezed:  module.transformer.h.1.attn.c_proj.bias
Freezed:  module.transformer.h.1.ln_2.weight
Freezed:  module.transformer.h.1.ln_2.bias
Freezed:  module.transformer.h.1.mlp.c_fc.weight
Freezed:  module.transformer.h.1.mlp.c_fc.bias
Freezed:  module.transformer.h.1.mlp.c_proj.weight
Freezed:  module.transformer.h.1.mlp.c_proj.bias
Freezed:  module.transformer.h.2.ln_1.weight
Freezed:  module.transformer.h.2.ln_1.bias
Freezed:  module.transformer.h.2.attn.c_attn.weight
Freezed:  module.transformer.h.2.attn.c_attn.bias
Freezed:  module.transformer.h.2.attn.c_proj.weight
Freezed:  module.transformer.h.2.attn.c_proj.bias
Freezed:  module.transformer.h.2.ln_2.weight
Freezed:  module.transformer.h.2.ln_2.bias
Freezed:  module.transformer.h.2.mlp.c_fc.weight
Freezed:  module.transformer.h.2.mlp.c_fc.bias
Freezed:  module.transformer.h.2.mlp.c_proj.weight
Freezed:  module.transformer.h.2.mlp.c_proj.bias
Freezed:  module.transformer.h.3.ln_1.weight
Freezed:  module.transformer.h.3.ln_1.bias
Freezed:  module.transformer.h.3.attn.c_attn.weight
Freezed:  module.transformer.h.3.attn.c_attn.bias
Freezed:  module.transformer.h.3.attn.c_proj.weight
Freezed:  module.transformer.h.3.attn.c_proj.bias
Freezed:  module.transformer.h.3.ln_2.weight
Freezed:  module.transformer.h.3.ln_2.bias
Freezed:  module.transformer.h.3.mlp.c_fc.weight
Freezed:  module.transformer.h.3.mlp.c_fc.bias
Freezed:  module.transformer.h.3.mlp.c_proj.weight
Freezed:  module.transformer.h.3.mlp.c_proj.bias
Freezed:  module.transformer.h.4.ln_1.weight
Freezed:  module.transformer.h.4.ln_1.bias
Freezed:  module.transformer.h.4.attn.c_attn.weight
Freezed:  module.transformer.h.4.attn.c_attn.bias
Freezed:  module.transformer.h.4.attn.c_proj.weight
Freezed:  module.transformer.h.4.attn.c_proj.bias
Freezed:  module.transformer.h.4.ln_2.weight
Freezed:  module.transformer.h.4.ln_2.bias
Freezed:  module.transformer.h.4.mlp.c_fc.weight
Freezed:  module.transformer.h.4.mlp.c_fc.bias
Freezed:  module.transformer.h.4.mlp.c_proj.weight
Freezed:  module.transformer.h.4.mlp.c_proj.bias
Freezed:  module.transformer.h.5.ln_1.weight
Freezed:  module.transformer.h.5.ln_1.bias
Freezed:  module.transformer.h.5.attn.c_attn.weight
Freezed:  module.transformer.h.5.attn.c_attn.bias
Freezed:  module.transformer.h.5.attn.c_proj.weight
Freezed:  module.transformer.h.5.attn.c_proj.bias
Freezed:  module.transformer.h.5.ln_2.weight
Freezed:  module.transformer.h.5.ln_2.bias
Freezed:  module.transformer.h.5.mlp.c_fc.weight
Freezed:  module.transformer.h.5.mlp.c_fc.bias
Freezed:  module.transformer.h.5.mlp.c_proj.weight
Freezed:  module.transformer.h.5.mlp.c_proj.bias
EPOCH 2
--------------
Labels:  tensor([4, 2, 2, 0, 0, 3, 3, 0, 0, 0, 0, 1, 4, 2, 0, 4], device='cuda:0')
Preds:  tensor([4, 4, 2, 0, 0, 3, 3, 1, 0, 0, 4, 0, 3, 2, 0, 4], device='cuda:0')
Outputs:  tensor([[    0.0000,     0.0002,     0.0008,     0.1272,     0.8716],
        [    0.0006,     0.0013,     0.0188,     0.2591,     0.7201],
        [    0.1050,     0.3743,     0.4437,     0.0745,     0.0026],
        [    0.9661,     0.0331,     0.0008,     0.0000,     0.0000],
        [    0.6452,     0.3375,     0.0167,     0.0003,     0.0003],
        [    0.0000,     0.0000,     0.0010,     0.9965,     0.0024],
        [    0.0001,     0.0013,     0.1759,     0.7909,     0.0319],
        [    0.2676,     0.6121,     0.0980,     0.0106,     0.0117],
        [    0.9128,     0.0868,     0.0004,     0.0000,     0.0000],
        [    0.8193,     0.1694,     0.0105,     0.0003,     0.0004],
        [    0.0389,     0.0466,     0.0152,     0.1262,     0.7731],
        [    0.7022,     0.2858,     0.0116,     0.0003,     0.0001],
        [    0.0005,     0.0015,     0.0196,     0.8040,     0.1745],
        [    0.2173,     0.3076,     0.3390,     0.0821,     0.0539],
        [    0.7147,     0.2412,     0.0396,     0.0029,     0.0016],
        [    0.0000,     0.0001,     0.0009,     0.1185,     0.8805]],
       device='cuda:0')
Metric:  tensor(0.6875, device='cuda:0')
------------------------
Mean loss[0.9244014811027103] | Mean metric[0.6036786237188873]
