Node IP: 10.128.2.151
WARNING:torch.distributed.run:
*****************************************
Setting OMP_NUM_THREADS environment variable for each process to be 1 in default, to avoid your system being overloaded, please further tune the variable for optimal performance in your application as needed. 
*****************************************
WARNING:torch.distributed.run:
*****************************************
Setting OMP_NUM_THREADS environment variable for each process to be 1 in default, to avoid your system being overloaded, please further tune the variable for optimal performance in your application as needed. 
*****************************************
INFO:torch.distributed.launcher.api:Starting elastic_operator with launch configs:
  entrypoint       : train.py
  min_nodes        : 2
  max_nodes        : 2
  nproc_per_node   : 2
  run_id           : 30344
  rdzv_backend     : c10d
  rdzv_endpoint    : 10.128.2.151:29500
  rdzv_configs     : {'timeout': 900}
  max_restarts     : 0
  monitor_interval : 5
  log_dir          : None
  metrics_cfg      : {}

INFO:torch.distributed.elastic.agent.server.local_elastic_agent:log directory set to: /tmp/torchelastic_60col6qr/30344_pa8z4x9x
INFO:torch.distributed.elastic.agent.server.api:[default] starting workers for entrypoint: python
INFO:torch.distributed.elastic.agent.server.api:[default] Rendezvous'ing worker group
INFO:torch.distributed.launcher.api:Starting elastic_operator with launch configs:
  entrypoint       : train.py
  min_nodes        : 2
  max_nodes        : 2
  nproc_per_node   : 2
  run_id           : 30344
  rdzv_backend     : c10d
  rdzv_endpoint    : 10.128.2.151:29500
  rdzv_configs     : {'timeout': 900}
  max_restarts     : 0
  monitor_interval : 5
  log_dir          : None
  metrics_cfg      : {}

INFO:torch.distributed.elastic.agent.server.local_elastic_agent:log directory set to: /tmp/torchelastic_kq6rj_p7/30344_6rf5r6r0
INFO:torch.distributed.elastic.agent.server.api:[default] starting workers for entrypoint: python
INFO:torch.distributed.elastic.agent.server.api:[default] Rendezvous'ing worker group
INFO:torch.distributed.elastic.agent.server.api:[default] Rendezvous complete for workers. Result:
  restart_count=0
  master_addr=gpu001.hpc
  master_port=37611
  group_rank=0
  group_world_size=2
  local_ranks=[0, 1]
  role_ranks=[0, 1]
  global_ranks=[0, 1]
  role_world_sizes=[4, 4]
  global_world_sizes=[4, 4]

INFO:torch.distributed.elastic.agent.server.api:[default] Starting worker group
INFO:torch.distributed.elastic.agent.server.api:[default] Rendezvous complete for workers. Result:
  restart_count=0
  master_addr=gpu001.hpc
  master_port=37611
  group_rank=1
  group_world_size=2
  local_ranks=[0, 1]
  role_ranks=[2, 3]
  global_ranks=[2, 3]
  role_world_sizes=[4, 4]
  global_world_sizes=[4, 4]

INFO:torch.distributed.elastic.agent.server.local_elastic_agent:Environment variable 'TORCHELASTIC_ENABLE_FILE_TIMER' not found. Do not start FileTimerServer.
INFO:torch.distributed.elastic.agent.server.api:[default] Starting worker group
INFO:torch.distributed.elastic.multiprocessing:Setting worker0 reply file to: /tmp/torchelastic_60col6qr/30344_pa8z4x9x/attempt_0/0/error.json
INFO:torch.distributed.elastic.multiprocessing:Setting worker1 reply file to: /tmp/torchelastic_60col6qr/30344_pa8z4x9x/attempt_0/1/error.json
INFO:torch.distributed.elastic.agent.server.local_elastic_agent:Environment variable 'TORCHELASTIC_ENABLE_FILE_TIMER' not found. Do not start FileTimerServer.
INFO:torch.distributed.elastic.multiprocessing:Setting worker0 reply file to: /tmp/torchelastic_kq6rj_p7/30344_6rf5r6r0/attempt_0/0/error.json
INFO:torch.distributed.elastic.multiprocessing:Setting worker1 reply file to: /tmp/torchelastic_kq6rj_p7/30344_6rf5r6r0/attempt_0/1/error.json
PORT:  37611
WORLD SIZE:  4
MASTER NODE:  gpu001.hpc
My slurm id is:  1
My rank is:  2
PORT:  37611
WORLD SIZE:  4
MASTER NODE:  gpu001.hpc
My slurm id is:  1
My rank is:  3
PORT:  37611
WORLD SIZE:  4
MASTER NODE:  gpu001.hpc
My slurm id is:  0
My rank is:  1
PORT:  37611
WORLD SIZE:  4
MASTER NODE:  gpu001.hpc
My slurm id is:  0
My rank is:  0
Some weights of the model checkpoint at bert-base-cased were not used when initializing BertForSequenceClassification: ['cls.predictions.decoder.weight', 'cls.seq_relationship.bias', 'cls.predictions.transform.LayerNorm.weight', 'cls.predictions.transform.dense.bias', 'cls.predictions.bias', 'cls.predictions.transform.LayerNorm.bias', 'cls.seq_relationship.weight', 'cls.predictions.transform.dense.weight']
- This IS expected if you are initializing BertForSequenceClassification from the checkpoint of a model trained on another task or with another architecture (e.g. initializing a BertForSequenceClassification model from a BertForPreTraining model).
- This IS NOT expected if you are initializing BertForSequenceClassification from the checkpoint of a model that you expect to be exactly identical (initializing a BertForSequenceClassification model from a BertForSequenceClassification model).
Some weights of BertForSequenceClassification were not initialized from the model checkpoint at bert-base-cased and are newly initialized: ['classifier.weight', 'classifier.bias']
You should probably TRAIN this model on a down-stream task to be able to use it for predictions and inference.
Some weights of the model checkpoint at bert-base-cased were not used when initializing BertForSequenceClassification: ['cls.seq_relationship.bias', 'cls.seq_relationship.weight', 'cls.predictions.bias', 'cls.predictions.transform.LayerNorm.bias', 'cls.predictions.transform.dense.weight', 'cls.predictions.transform.dense.bias', 'cls.predictions.decoder.weight', 'cls.predictions.transform.LayerNorm.weight']
- This IS expected if you are initializing BertForSequenceClassification from the checkpoint of a model trained on another task or with another architecture (e.g. initializing a BertForSequenceClassification model from a BertForPreTraining model).
- This IS NOT expected if you are initializing BertForSequenceClassification from the checkpoint of a model that you expect to be exactly identical (initializing a BertForSequenceClassification model from a BertForSequenceClassification model).
Some weights of BertForSequenceClassification were not initialized from the model checkpoint at bert-base-cased and are newly initialized: ['classifier.bias', 'classifier.weight']
You should probably TRAIN this model on a down-stream task to be able to use it for predictions and inference.
Some weights of the model checkpoint at bert-base-cased were not used when initializing BertForSequenceClassification: ['cls.seq_relationship.bias', 'cls.predictions.transform.LayerNorm.bias', 'cls.predictions.transform.LayerNorm.weight', 'cls.predictions.transform.dense.bias', 'cls.seq_relationship.weight', 'cls.predictions.bias', 'cls.predictions.transform.dense.weight', 'cls.predictions.decoder.weight']
- This IS expected if you are initializing BertForSequenceClassification from the checkpoint of a model trained on another task or with another architecture (e.g. initializing a BertForSequenceClassification model from a BertForPreTraining model).
- This IS NOT expected if you are initializing BertForSequenceClassification from the checkpoint of a model that you expect to be exactly identical (initializing a BertForSequenceClassification model from a BertForSequenceClassification model).
Some weights of BertForSequenceClassification were not initialized from the model checkpoint at bert-base-cased and are newly initialized: ['classifier.bias', 'classifier.weight']
You should probably TRAIN this model on a down-stream task to be able to use it for predictions and inference.
Some weights of the model checkpoint at bert-base-cased were not used when initializing BertForSequenceClassification: ['cls.predictions.transform.dense.weight', 'cls.predictions.decoder.weight', 'cls.predictions.transform.dense.bias', 'cls.seq_relationship.weight', 'cls.predictions.bias', 'cls.predictions.transform.LayerNorm.bias', 'cls.predictions.transform.LayerNorm.weight', 'cls.seq_relationship.bias']
- This IS expected if you are initializing BertForSequenceClassification from the checkpoint of a model trained on another task or with another architecture (e.g. initializing a BertForSequenceClassification model from a BertForPreTraining model).
- This IS NOT expected if you are initializing BertForSequenceClassification from the checkpoint of a model that you expect to be exactly identical (initializing a BertForSequenceClassification model from a BertForSequenceClassification model).
Some weights of BertForSequenceClassification were not initialized from the model checkpoint at bert-base-cased and are newly initialized: ['classifier.weight', 'classifier.bias']
You should probably TRAIN this model on a down-stream task to be able to use it for predictions and inference.
------------------------

------------------------

------------------------

------------------------

I'm process 2 using GPU 0
I'm process 3 using GPU 1
I'm process 1 using GPU 1I'm process 0 using GPU 0

Labels:  tensor([2, 2, 1, 1, 1, 4, 4, 4, 3, 2, 0, 3, 3, 4, 0, 3], device='cuda:0')
Preds:  tensor([3, 3, 3, 3, 3, 3, 3, 3, 3, 3, 3, 3, 3, 3, 3, 3], device='cuda:0')
Outputs:  tensor([[0.1816, 0.1826, 0.1610, 0.2464, 0.2284],
        [0.1648, 0.1705, 0.1816, 0.2443, 0.2388],
        [0.1640, 0.1794, 0.1880, 0.2343, 0.2343],
        [0.1711, 0.1749, 0.1855, 0.2371, 0.2315],
        [0.1738, 0.1801, 0.1793, 0.2410, 0.2258],
        [0.1801, 0.1867, 0.1608, 0.2487, 0.2237],
        [0.1623, 0.1746, 0.1607, 0.2686, 0.2339],
        [0.1726, 0.1803, 0.1826, 0.2437, 0.2208],
        [0.1631, 0.1782, 0.1848, 0.2441, 0.2297],
        [0.1716, 0.1774, 0.1764, 0.2506, 0.2241],
        [0.1649, 0.1790, 0.1903, 0.2348, 0.2310],
        [0.1757, 0.1823, 0.1816, 0.2378, 0.2225],
        [0.1628, 0.1733, 0.1808, 0.2511, 0.2320],
        [0.1729, 0.1771, 0.1788, 0.2392, 0.2320],
        [0.1718, 0.1763, 0.1917, 0.2368, 0.2234],
        [0.1700, 0.1789, 0.1894, 0.2386, 0.2230]], device='cuda:0')
Metric:  tensor(0.2500, device='cuda:0')
------------------------
Labels:  tensor([0, 4, 2, 3, 0, 1, 2, 2, 3, 2, 2, 4, 4, 1, 1, 2], device='cuda:1')
Preds:  tensor([3, 3, 4, 4, 3, 4, 3, 4, 3, 3, 3, 4, 4, 3, 4, 3], device='cuda:1')
Outputs:  tensor([[0.1551, 0.1804, 0.2026, 0.2348, 0.2271],
        [0.1798, 0.1751, 0.1417, 0.2614, 0.2419],
        [0.1611, 0.1613, 0.1856, 0.2446, 0.2474],
        [0.1830, 0.1728, 0.1578, 0.2345, 0.2519],
        [0.1629, 0.1695, 0.1826, 0.2484, 0.2366],
        [0.1655, 0.1780, 0.2032, 0.2252, 0.2280],
        [0.1750, 0.1610, 0.1612, 0.2607, 0.2420],
        [0.1681, 0.1658, 0.1873, 0.2347, 0.2442],
        [0.1637, 0.1725, 0.1830, 0.2464, 0.2344],
        [0.1749, 0.1767, 0.1798, 0.2369, 0.2318],
        [0.1560, 0.1799, 0.1904, 0.2438, 0.2299],
        [0.1810, 0.1585, 0.1244, 0.2448, 0.2913],
        [0.1701, 0.1789, 0.1848, 0.2320, 0.2341],
        [0.1711, 0.1744, 0.1856, 0.2482, 0.2207],
        [0.1809, 0.1721, 0.1718, 0.2343, 0.2410],
        [0.1776, 0.1834, 0.1616, 0.2535, 0.2239]], device='cuda:1')
Metric:  tensor(0.1875, device='cuda:1')
------------------------
Labels:  tensor([3, 1, 1, 4, 0, 2, 4, 1, 3, 0, 2, 3, 2, 2, 4, 4], device='cuda:0')
Preds:  tensor([4, 3, 3, 3, 4, 3, 3, 3, 3, 3, 3, 4, 3, 3, 3, 3], device='cuda:0')
Outputs:  tensor([[0.1591, 0.1801, 0.1946, 0.2296, 0.2366],
        [0.1752, 0.1760, 0.1912, 0.2320, 0.2256],
        [0.1648, 0.1728, 0.1982, 0.2383, 0.2259],
        [0.1687, 0.1728, 0.1818, 0.2388, 0.2379],
        [0.1781, 0.1809, 0.1777, 0.2294, 0.2339],
        [0.1789, 0.1687, 0.1590, 0.2560, 0.2374],
        [0.1832, 0.1737, 0.1658, 0.2541, 0.2233],
        [0.1666, 0.1647, 0.1747, 0.2477, 0.2462],
        [0.1577, 0.1774, 0.1901, 0.2420, 0.2328],
        [0.1699, 0.1752, 0.1697, 0.2647, 0.2204],
        [0.1674, 0.1814, 0.1864, 0.2398, 0.2251],
        [0.1771, 0.1722, 0.1838, 0.2178, 0.2492],
        [0.1635, 0.1713, 0.1792, 0.2565, 0.2295],
        [0.1669, 0.1706, 0.1879, 0.2478, 0.2267],
        [0.1596, 0.1805, 0.1952, 0.2334, 0.2312],
        [0.1638, 0.1813, 0.1745, 0.2550, 0.2254]], device='cuda:0')
Metric:  tensor(0.0625, device='cuda:0')
------------------------
Labels:  tensor([3, 0, 0, 1, 0, 3, 0, 0, 3, 1, 4, 4, 4, 1, 2, 0], device='cuda:1')
Preds:  tensor([4, 3, 3, 3, 3, 4, 3, 3, 3, 3, 3, 3, 3, 4, 3, 3], device='cuda:1')
Outputs:  tensor([[0.1639, 0.1773, 0.1922, 0.2279, 0.2387],
        [0.1687, 0.1778, 0.1842, 0.2393, 0.2300],
        [0.1710, 0.1640, 0.1802, 0.2588, 0.2260],
        [0.1693, 0.1678, 0.1902, 0.2480, 0.2247],
        [0.1605, 0.1721, 0.1937, 0.2372, 0.2366],
        [0.1625, 0.1768, 0.1893, 0.2312, 0.2403],
        [0.1618, 0.1791, 0.2013, 0.2316, 0.2262],
        [0.1641, 0.1760, 0.1788, 0.2541, 0.2271],
        [0.1642, 0.1760, 0.1823, 0.2464, 0.2311],
        [0.1702, 0.1792, 0.1714, 0.2619, 0.2173],
        [0.1668, 0.1741, 0.1733, 0.2569, 0.2289],
        [0.1695, 0.1777, 0.1965, 0.2326, 0.2238],
        [0.1787, 0.1715, 0.1616, 0.2558, 0.2325],
        [0.1644, 0.1735, 0.1876, 0.2296, 0.2448],
        [0.1585, 0.1765, 0.1840, 0.2501, 0.2309],
        [0.1726, 0.1802, 0.1630, 0.2674, 0.2169]], device='cuda:1')
Metric:  tensor(0.0625, device='cuda:1')
------------------------
Labels:  tensor([2, 0, 4, 4, 4, 0, 0, 2, 4, 0, 4, 0, 0, 0, 1, 2], device='cuda:1')
Preds:  tensor([3, 3, 3, 3, 3, 4, 4, 3, 3, 4, 3, 4, 3, 4, 3, 3], device='cuda:1')
Outputs:  tensor([[0.1677, 0.1798, 0.1695, 0.2573, 0.2257],
        [0.1633, 0.1787, 0.1967, 0.2337, 0.2276],
        [0.1622, 0.1801, 0.1945, 0.2392, 0.2240],
        [0.1682, 0.1766, 0.1798, 0.2534, 0.2220],
        [0.1680, 0.1765, 0.1783, 0.2399, 0.2373],
        [0.1751, 0.1563, 0.1564, 0.2456, 0.2667],
        [0.1599, 0.1775, 0.1839, 0.2379, 0.2408],
        [0.1684, 0.1721, 0.1871, 0.2442, 0.2282],
        [0.1678, 0.1734, 0.1895, 0.2431, 0.2262],
        [0.1671, 0.1763, 0.1884, 0.2326, 0.2356],
        [0.1678, 0.1861, 0.1891, 0.2291, 0.2279],
        [0.1646, 0.1777, 0.1917, 0.2308, 0.2353],
        [0.1649, 0.1743, 0.1932, 0.2368, 0.2308],
        [0.1686, 0.1743, 0.1765, 0.2357, 0.2449],
        [0.1605, 0.1680, 0.1900, 0.2519, 0.2295],
        [0.1619, 0.1809, 0.1872, 0.2467, 0.2234]], device='cuda:1')
Metric:  tensor(0., device='cuda:1')
------------------------
Labels:  tensor([3, 2, 3, 1, 3, 4, 3, 0, 3, 1, 1, 0, 0, 3, 2, 0], device='cuda:1')
Preds:  tensor([3, 3, 3, 3, 3, 3, 4, 3, 4, 3, 4, 3, 3, 3, 3, 3], device='cuda:1')
Outputs:  tensor([[0.1693, 0.1698, 0.1765, 0.2440, 0.2403],
        [0.1664, 0.1835, 0.1878, 0.2341, 0.2283],
        [0.1727, 0.1671, 0.1692, 0.2561, 0.2349],
        [0.1630, 0.1685, 0.1942, 0.2386, 0.2358],
        [0.1586, 0.1751, 0.1827, 0.2533, 0.2302],
        [0.1870, 0.1756, 0.1465, 0.2633, 0.2277],
        [0.1763, 0.1746, 0.1766, 0.2359, 0.2367],
        [0.1625, 0.1743, 0.1862, 0.2491, 0.2278],
        [0.1849, 0.1768, 0.1593, 0.2357, 0.2433],
        [0.1700, 0.1742, 0.1985, 0.2311, 0.2261],
        [0.1654, 0.1774, 0.1943, 0.2280, 0.2348],
        [0.1680, 0.1768, 0.1796, 0.2433, 0.2323],
        [0.1689, 0.1741, 0.1791, 0.2439, 0.2340],
        [0.1658, 0.1778, 0.1949, 0.2394, 0.2221],
        [0.1626, 0.1726, 0.1876, 0.2408, 0.2363],
        [0.1709, 0.1730, 0.1821, 0.2474, 0.2266]], device='cuda:1')
Metric:  tensor(0.2500, device='cuda:1')
------------------------
Labels:  tensor([0, 1, 4, 2, 3, 2, 1, 0, 2, 2, 2, 0, 2, 4, 3, 4], device='cuda:0')
Preds:  tensor([3, 3, 3, 3, 3, 3, 3, 3, 3, 3, 3, 3, 4, 3, 4, 3], device='cuda:0')
Outputs:  tensor([[0.1769, 0.1744, 0.1797, 0.2442, 0.2248],
        [0.1619, 0.1704, 0.1868, 0.2507, 0.2302],
        [0.1766, 0.1768, 0.1464, 0.2692, 0.2310],
        [0.1703, 0.1751, 0.1893, 0.2403, 0.2250],
        [0.1687, 0.1727, 0.1886, 0.2399, 0.2302],
        [0.1640, 0.1706, 0.1790, 0.2497, 0.2366],
        [0.1618, 0.1753, 0.1956, 0.2365, 0.2309],
        [0.1696, 0.1762, 0.1792, 0.2478, 0.2272],
        [0.1546, 0.1828, 0.1966, 0.2357, 0.2302],
        [0.1777, 0.1790, 0.1653, 0.2488, 0.2292],
        [0.1576, 0.1737, 0.1869, 0.2464, 0.2354],
        [0.1695, 0.1717, 0.1836, 0.2528, 0.2224],
        [0.1821, 0.1733, 0.1998, 0.2138, 0.2309],
        [0.1741, 0.1743, 0.1679, 0.2530, 0.2306],
        [0.1602, 0.1751, 0.2015, 0.2274, 0.2357],
        [0.1546, 0.1689, 0.1651, 0.2629, 0.2485]], device='cuda:0')
Metric:  tensor(0.0625, device='cuda:0')
------------------------
Labels:  tensor([1, 1, 1, 1, 2, 1, 0, 0, 4, 4, 2, 1, 3, 0, 0, 1], device='cuda:0')
Preds:  tensor([3, 3, 4, 3, 4, 4, 4, 3, 3, 3, 3, 3, 3, 4, 3, 3], device='cuda:0')
Outputs:  tensor([[0.1684, 0.1837, 0.1929, 0.2295, 0.2256],
        [0.1632, 0.1762, 0.1881, 0.2407, 0.2319],
        [0.1652, 0.1732, 0.2035, 0.2272, 0.2309],
        [0.1599, 0.1719, 0.1887, 0.2405, 0.2390],
        [0.1741, 0.1776, 0.1591, 0.2368, 0.2524],
        [0.1649, 0.1683, 0.1997, 0.2312, 0.2359],
        [0.1611, 0.1746, 0.1948, 0.2183, 0.2513],
        [0.1601, 0.1700, 0.1897, 0.2431, 0.2371],
        [0.1724, 0.1777, 0.1732, 0.2514, 0.2252],
        [0.1773, 0.1709, 0.1578, 0.2572, 0.2368],
        [0.1671, 0.1766, 0.1736, 0.2542, 0.2284],
        [0.1808, 0.1774, 0.1679, 0.2416, 0.2324],
        [0.1591, 0.1757, 0.1888, 0.2383, 0.2381],
        [0.1598, 0.1733, 0.2024, 0.2273, 0.2372],
        [0.1706, 0.1807, 0.1883, 0.2330, 0.2273],
        [0.1649, 0.1691, 0.1828, 0.2520, 0.2312]], device='cuda:0')
Metric:  tensor(0.0625, device='cuda:0')
------------------------
Labels:  tensor([3, 2, 3, 2, 3, 0, 2, 4, 1, 1, 1, 1, 0, 0, 0, 0], device='cuda:1')
Preds:  tensor([4, 3, 3, 4, 3, 3, 4, 3, 4, 3, 4, 3, 3, 3, 3, 3], device='cuda:1')
Outputs:  tensor([[0.1649, 0.1794, 0.1951, 0.2227, 0.2379],
        [0.1616, 0.1785, 0.1924, 0.2465, 0.2211],
        [0.1648, 0.1766, 0.1883, 0.2452, 0.2251],
        [0.1771, 0.1748, 0.1752, 0.2339, 0.2391],
        [0.1704, 0.1806, 0.1708, 0.2494, 0.2289],
        [0.1627, 0.1770, 0.1900, 0.2406, 0.2298],
        [0.1626, 0.1627, 0.1869, 0.2366, 0.2511],
        [0.1654, 0.1794, 0.1811, 0.2519, 0.2222],
        [0.1739, 0.1767, 0.1772, 0.2345, 0.2376],
        [0.1687, 0.1763, 0.1808, 0.2532, 0.2209],
        [0.1670, 0.1739, 0.1791, 0.2393, 0.2407],
        [0.1714, 0.1720, 0.1991, 0.2310, 0.2265],
        [0.1634, 0.1625, 0.1601, 0.2669, 0.2470],
        [0.1652, 0.1756, 0.2030, 0.2299, 0.2264],
        [0.1765, 0.1670, 0.1742, 0.2467, 0.2356],
        [0.1523, 0.1790, 0.1961, 0.2374, 0.2351]], device='cuda:1')
Metric:  tensor(0.1250, device='cuda:1')
------------------------
Labels:  tensor([2, 3, 4, 0, 1, 3, 4, 3, 4, 2, 1, 0, 4, 4, 4, 4], device='cuda:1')
Preds:  tensor([3, 3, 4, 4, 3, 4, 3, 3, 4, 3, 3, 3, 3, 3, 4, 4], device='cuda:1')
Outputs:  tensor([[0.1645, 0.1757, 0.1916, 0.2418, 0.2264],
        [0.1801, 0.1744, 0.1738, 0.2360, 0.2357],
        [0.1531, 0.1772, 0.1821, 0.2406, 0.2470],
        [0.1649, 0.1723, 0.1959, 0.2276, 0.2393],
        [0.1657, 0.1734, 0.2026, 0.2374, 0.2209],
        [0.1570, 0.1806, 0.1889, 0.2340, 0.2395],
        [0.1591, 0.1836, 0.1934, 0.2397, 0.2242],
        [0.1609, 0.1766, 0.1848, 0.2473, 0.2303],
        [0.1759, 0.1787, 0.2051, 0.2157, 0.2246],
        [0.1653, 0.1772, 0.1858, 0.2407, 0.2311],
        [0.1795, 0.1736, 0.1727, 0.2401, 0.2340],
        [0.1701, 0.1707, 0.1795, 0.2423, 0.2373],
        [0.1811, 0.1826, 0.1584, 0.2524, 0.2255],
        [0.1794, 0.1694, 0.1490, 0.2556, 0.2465],
        [0.1641, 0.1719, 0.1792, 0.2401, 0.2446],
        [0.1609, 0.1771, 0.1992, 0.2305, 0.2322]], device='cuda:1')
Metric:  tensor(0.3750, device='cuda:1')
------------------------
Labels:  tensor([3, 3, 3, 2, 1, 3, 1, 1, 2, 2, 0, 3, 3, 4, 4, 2], device='cuda:0')
Preds:  tensor([4, 4, 3, 3, 4, 4, 3, 3, 3, 4, 3, 3, 3, 3, 3, 3], device='cuda:0')
Outputs:  tensor([[0.1640, 0.1749, 0.2003, 0.2293, 0.2314],
        [0.1600, 0.1858, 0.1966, 0.2244, 0.2333],
        [0.1723, 0.1794, 0.1716, 0.2510, 0.2258],
        [0.1714, 0.1701, 0.1784, 0.2407, 0.2394],
        [0.1800, 0.1763, 0.1789, 0.2277, 0.2372],
        [0.1800, 0.1674, 0.1477, 0.2521, 0.2527],
        [0.1607, 0.1714, 0.1969, 0.2400, 0.2311],
        [0.1639, 0.1743, 0.1746, 0.2563, 0.2309],
        [0.1750, 0.1837, 0.1847, 0.2319, 0.2247],
        [0.1618, 0.1707, 0.1920, 0.2281, 0.2474],
        [0.1703, 0.1740, 0.1677, 0.2522, 0.2358],
        [0.1802, 0.1775, 0.1586, 0.2547, 0.2289],
        [0.1688, 0.1751, 0.1788, 0.2458, 0.2315],
        [0.1790, 0.1822, 0.1707, 0.2438, 0.2243],
        [0.1671, 0.1723, 0.1815, 0.2460, 0.2331],
        [0.1684, 0.1749, 0.1847, 0.2381, 0.2338]], device='cuda:0')
Metric:  tensor(0.1875, device='cuda:0')
------------------------
Labels:  tensor([4, 0, 4, 0, 4, 1, 1, 3, 0, 4, 4, 3, 0, 2, 3, 0], device='cuda:0')
Preds:  tensor([3, 4, 3, 4, 3, 3, 3, 4, 4, 3, 3, 3, 3, 3, 4, 3], device='cuda:0')
Outputs:  tensor([[0.1770, 0.1846, 0.1632, 0.2541, 0.2212],
        [0.1654, 0.1701, 0.1794, 0.2410, 0.2441],
        [0.1770, 0.1750, 0.1667, 0.2497, 0.2316],
        [0.1751, 0.1661, 0.1685, 0.2390, 0.2513],
        [0.1664, 0.1739, 0.1849, 0.2437, 0.2311],
        [0.1662, 0.1730, 0.1784, 0.2424, 0.2400],
        [0.1715, 0.1810, 0.1543, 0.2585, 0.2347],
        [0.1747, 0.1622, 0.1589, 0.2308, 0.2734],
        [0.1646, 0.1638, 0.1733, 0.2382, 0.2601],
        [0.1590, 0.1811, 0.1843, 0.2406, 0.2350],
        [0.1619, 0.1779, 0.1777, 0.2414, 0.2410],
        [0.1627, 0.1753, 0.1994, 0.2316, 0.2311],
        [0.1721, 0.1733, 0.1796, 0.2546, 0.2204],
        [0.1656, 0.1730, 0.1886, 0.2504, 0.2225],
        [0.1808, 0.1747, 0.1779, 0.2266, 0.2400],
        [0.1717, 0.1720, 0.1937, 0.2385, 0.2240]], device='cuda:0')
Metric:  tensor(0.0625, device='cuda:0')
------------------------
Labels:  tensor([1, 1, 2, 1, 1, 4, 1, 4, 4, 1, 3, 2, 4, 3, 3, 4], device='cuda:1')
Preds:  tensor([3, 3, 4, 3, 3, 4, 3, 3, 4, 3, 3, 4, 3, 3, 3, 3], device='cuda:1')
Outputs:  tensor([[0.1619, 0.1777, 0.1810, 0.2449, 0.2346],
        [0.1723, 0.1753, 0.1833, 0.2450, 0.2240],
        [0.1750, 0.1616, 0.1682, 0.2440, 0.2512],
        [0.1571, 0.1692, 0.1982, 0.2411, 0.2344],
        [0.1676, 0.1732, 0.1841, 0.2527, 0.2224],
        [0.1672, 0.1768, 0.1848, 0.2304, 0.2408],
        [0.1691, 0.1716, 0.1977, 0.2361, 0.2254],
        [0.1658, 0.1726, 0.1842, 0.2476, 0.2298],
        [0.1676, 0.1774, 0.1852, 0.2336, 0.2362],
        [0.1610, 0.1777, 0.1796, 0.2540, 0.2276],
        [0.1627, 0.1797, 0.1940, 0.2330, 0.2307],
        [0.1774, 0.1769, 0.2018, 0.2155, 0.2284],
        [0.1618, 0.1724, 0.1802, 0.2495, 0.2361],
        [0.1709, 0.1720, 0.1749, 0.2423, 0.2400],
        [0.1692, 0.1785, 0.1670, 0.2602, 0.2251],
        [0.1831, 0.1813, 0.1659, 0.2441, 0.2256]], device='cuda:1')
Metric:  tensor(0.3125, device='cuda:1')
------------------------
Labels:  tensor([4, 4, 4, 2, 3, 2, 4, 1, 2, 1, 1, 2, 0, 1, 0, 1], device='cuda:1')
Preds:  tensor([3, 3, 3, 4, 3, 3, 3, 3, 3, 3, 4, 3, 4, 3, 3, 3], device='cuda:1')
Outputs:  tensor([[0.1564, 0.1756, 0.1927, 0.2452, 0.2302],
        [0.1713, 0.1718, 0.1861, 0.2459, 0.2250],
        [0.1702, 0.1833, 0.1789, 0.2440, 0.2235],
        [0.1747, 0.1709, 0.1828, 0.2313, 0.2403],
        [0.1588, 0.1756, 0.1870, 0.2423, 0.2363],
        [0.1741, 0.1852, 0.1804, 0.2352, 0.2251],
        [0.1714, 0.1752, 0.1719, 0.2566, 0.2249],
        [0.1648, 0.1722, 0.1903, 0.2421, 0.2306],
        [0.1699, 0.1803, 0.1742, 0.2401, 0.2354],
        [0.1615, 0.1784, 0.1937, 0.2431, 0.2232],
        [0.1684, 0.1790, 0.1796, 0.2348, 0.2382],
        [0.1647, 0.1719, 0.1837, 0.2585, 0.2212],
        [0.1669, 0.1678, 0.2033, 0.2279, 0.2341],
        [0.1583, 0.1726, 0.1910, 0.2464, 0.2317],
        [0.1656, 0.1769, 0.1877, 0.2366, 0.2332],
        [0.1597, 0.1709, 0.1865, 0.2450, 0.2379]], device='cuda:1')
Metric:  tensor(0.0625, device='cuda:1')
------------------------
Labels:  tensor([4, 1, 1, 0, 0, 1, 2, 4, 2, 4, 4, 1, 0, 1, 2, 1], device='cuda:0')
Preds:  tensor([3, 3, 3, 3, 3, 4, 3, 4, 3, 3, 4, 4, 3, 3, 3, 3], device='cuda:0')
Outputs:  tensor([[0.1694, 0.1819, 0.1799, 0.2460, 0.2228],
        [0.1680, 0.1773, 0.1879, 0.2354, 0.2313],
        [0.1599, 0.1745, 0.2059, 0.2352, 0.2245],
        [0.1718, 0.1826, 0.1745, 0.2499, 0.2212],
        [0.1683, 0.1750, 0.1829, 0.2556, 0.2181],
        [0.1799, 0.1695, 0.1797, 0.2277, 0.2432],
        [0.1688, 0.1735, 0.1944, 0.2382, 0.2251],
        [0.1564, 0.1808, 0.1921, 0.2317, 0.2390],
        [0.1645, 0.1741, 0.1872, 0.2490, 0.2252],
        [0.1658, 0.1780, 0.1857, 0.2450, 0.2255],
        [0.1439, 0.1704, 0.1954, 0.2274, 0.2629],
        [0.1825, 0.1788, 0.1559, 0.2400, 0.2428],
        [0.1578, 0.1765, 0.1995, 0.2374, 0.2289],
        [0.1663, 0.1730, 0.1811, 0.2508, 0.2288],
        [0.1668, 0.1742, 0.1906, 0.2421, 0.2263],
        [0.1677, 0.1664, 0.1750, 0.2595, 0.2315]], device='cuda:0')
Metric:  tensor(0.1250, device='cuda:0')
------------------------
Labels:  tensor([2, 0, 1, 3, 4, 2, 0, 0, 2, 1, 0, 1, 1, 2, 3, 4], device='cuda:0')
Preds:  tensor([4, 4, 3, 4, 4, 3, 4, 3, 3, 3, 3, 3, 3, 4, 4, 3], device='cuda:0')
Outputs:  tensor([[0.1716, 0.1716, 0.1787, 0.2347, 0.2434],
        [0.1739, 0.1710, 0.1997, 0.2245, 0.2309],
        [0.1612, 0.1735, 0.1765, 0.2601, 0.2287],
        [0.1691, 0.1720, 0.1939, 0.2278, 0.2372],
        [0.1628, 0.1804, 0.1972, 0.2249, 0.2347],
        [0.1649, 0.1792, 0.1948, 0.2364, 0.2247],
        [0.1621, 0.1727, 0.1964, 0.2336, 0.2352],
        [0.1635, 0.1705, 0.1993, 0.2370, 0.2297],
        [0.1624, 0.1816, 0.1950, 0.2379, 0.2231],
        [0.1608, 0.1733, 0.1857, 0.2467, 0.2335],
        [0.1628, 0.1686, 0.1742, 0.2502, 0.2443],
        [0.1684, 0.1746, 0.1911, 0.2428, 0.2231],
        [0.1553, 0.1853, 0.1862, 0.2487, 0.2244],
        [0.1553, 0.1685, 0.1945, 0.2335, 0.2482],
        [0.1696, 0.1744, 0.1912, 0.2314, 0.2335],
        [0.1616, 0.1762, 0.1934, 0.2388, 0.2300]], device='cuda:0')
Metric:  tensor(0.0625, device='cuda:0')
------------------------
Labels:  tensor([0, 4, 0, 3, 0, 1, 2, 1, 4, 2, 1, 1, 4, 3, 1, 3], device='cuda:1')
Preds:  tensor([4, 3, 3, 3, 4, 4, 3, 3, 3, 3, 3, 4, 3, 3, 4, 3], device='cuda:1')
Outputs:  tensor([[0.1709, 0.1696, 0.1770, 0.2403, 0.2423],
        [0.1677, 0.1739, 0.1579, 0.2823, 0.2182],
        [0.1715, 0.1755, 0.1823, 0.2403, 0.2303],
        [0.1789, 0.1758, 0.1701, 0.2411, 0.2340],
        [0.1745, 0.1732, 0.1759, 0.2364, 0.2400],
        [0.1599, 0.1698, 0.1975, 0.2350, 0.2377],
        [0.1753, 0.1717, 0.1707, 0.2438, 0.2386],
        [0.1729, 0.1796, 0.1857, 0.2401, 0.2216],
        [0.1674, 0.1724, 0.1795, 0.2494, 0.2313],
        [0.1680, 0.1742, 0.1742, 0.2470, 0.2366],
        [0.1666, 0.1758, 0.1812, 0.2553, 0.2210],
        [0.1587, 0.1761, 0.1925, 0.2298, 0.2430],
        [0.1762, 0.1816, 0.1652, 0.2435, 0.2336],
        [0.1755, 0.1806, 0.1785, 0.2333, 0.2321],
        [0.1756, 0.1804, 0.1816, 0.2180, 0.2445],
        [0.1711, 0.1734, 0.1906, 0.2454, 0.2195]], device='cuda:1')
Metric:  tensor(0.1875, device='cuda:1')
------------------------
Mean loss[1.624362938051517] | Mean metric[0.1870424597364568]
Stupid loss[0.0] | Naive soulution metric[0.2]
Freezed:  module.bert.embeddings.word_embeddings.weight
Freezed:  module.bert.embeddings.position_embeddings.weight
Freezed:  module.bert.embeddings.token_type_embeddings.weight
Freezed:  module.bert.embeddings.LayerNorm.weight
Freezed:  module.bert.embeddings.LayerNorm.bias
Freezed:  module.bert.encoder.layer.0.attention.self.query.weight
Freezed:  module.bert.encoder.layer.0.attention.self.query.bias
Freezed:  module.bert.encoder.layer.0.attention.self.key.weight
Freezed:  module.bert.encoder.layer.0.attention.self.key.bias
Freezed:  module.bert.encoder.layer.0.attention.self.value.weight
Freezed:  module.bert.encoder.layer.0.attention.self.value.bias
Freezed:  module.bert.encoder.layer.0.attention.output.dense.weight
Freezed:  module.bert.encoder.layer.0.attention.output.dense.bias
Freezed:  module.bert.encoder.layer.0.attention.output.LayerNorm.weight
Freezed:  module.bert.encoder.layer.0.attention.output.LayerNorm.bias
Freezed:  module.bert.encoder.layer.0.intermediate.dense.weight
Freezed:  module.bert.encoder.layer.0.intermediate.dense.bias
Freezed:  module.bert.encoder.layer.0.output.dense.weight
Freezed:  module.bert.encoder.layer.0.output.dense.bias
Freezed:  module.bert.encoder.layer.0.output.LayerNorm.weight
Freezed:  module.bert.encoder.layer.0.output.LayerNorm.bias
Freezed:  module.bert.encoder.layer.1.attention.self.query.weight
Freezed:  module.bert.encoder.layer.1.attention.self.query.bias
Freezed:  module.bert.encoder.layer.1.attention.self.key.weight
Freezed:  module.bert.encoder.layer.1.attention.self.key.bias
Freezed:  module.bert.encoder.layer.1.attention.self.value.weight
Freezed:  module.bert.encoder.layer.1.attention.self.value.bias
Freezed:  module.bert.encoder.layer.1.attention.output.dense.weight
Freezed:  module.bert.encoder.layer.1.attention.output.dense.bias
Freezed:  module.bert.encoder.layer.1.attention.output.LayerNorm.weight
Freezed:  module.bert.encoder.layer.1.attention.output.LayerNorm.bias
Freezed:  module.bert.encoder.layer.1.intermediate.dense.weight
Freezed:  module.bert.encoder.layer.1.intermediate.dense.bias
Freezed:  module.bert.encoder.layer.1.output.dense.weight
Freezed:  module.bert.encoder.layer.1.output.dense.bias
Freezed:  module.bert.encoder.layer.1.output.LayerNorm.weight
Freezed:  module.bert.encoder.layer.1.output.LayerNorm.bias
Freezed:  module.bert.encoder.layer.2.attention.self.query.weight
Freezed:  module.bert.encoder.layer.2.attention.self.query.bias
Freezed:  module.bert.encoder.layer.2.attention.self.key.weight
Freezed:  module.bert.encoder.layer.2.attention.self.key.bias
Freezed:  module.bert.encoder.layer.2.attention.self.value.weight
Freezed:  module.bert.encoder.layer.2.attention.self.value.bias
Freezed:  module.bert.encoder.layer.2.attention.output.dense.weight
Freezed:  module.bert.encoder.layer.2.attention.output.dense.bias
Freezed:  module.bert.encoder.layer.2.attention.output.LayerNorm.weight
Freezed:  module.bert.encoder.layer.2.attention.output.LayerNorm.bias
Freezed:  module.bert.encoder.layer.2.intermediate.dense.weight
Freezed:  module.bert.encoder.layer.2.intermediate.dense.bias
Freezed:  module.bert.encoder.layer.2.output.dense.weight
Freezed:  module.bert.encoder.layer.2.output.dense.bias
Freezed:  module.bert.encoder.layer.2.output.LayerNorm.weight
Freezed:  module.bert.encoder.layer.2.output.LayerNorm.bias
Freezed:  module.bert.encoder.layer.3.attention.self.query.weight
Freezed:  module.bert.encoder.layer.3.attention.self.query.bias
Freezed:  module.bert.encoder.layer.3.attention.self.key.weight
Freezed:  module.bert.encoder.layer.3.attention.self.key.bias
Freezed:  module.bert.encoder.layer.3.attention.self.value.weight
Freezed:  module.bert.encoder.layer.3.attention.self.value.bias
Freezed:  module.bert.encoder.layer.3.attention.output.dense.weight
Freezed:  module.bert.encoder.layer.3.attention.output.dense.bias
Freezed:  module.bert.encoder.layer.3.attention.output.LayerNorm.weight
Freezed:  module.bert.encoder.layer.3.attention.output.LayerNorm.bias
Freezed:  module.bert.encoder.layer.3.intermediate.dense.weight
Freezed:  module.bert.encoder.layer.3.intermediate.dense.bias
Freezed:  module.bert.encoder.layer.3.output.dense.weight
Freezed:  module.bert.encoder.layer.3.output.dense.bias
Freezed:  module.bert.encoder.layer.3.output.LayerNorm.weight
Freezed:  module.bert.encoder.layer.3.output.LayerNorm.bias
Freezed:  module.bert.encoder.layer.4.attention.self.query.weight
Freezed:  module.bert.encoder.layer.4.attention.self.query.bias
Freezed:  module.bert.encoder.layer.4.attention.self.key.weight
Freezed:  module.bert.encoder.layer.4.attention.self.key.bias
Freezed:  module.bert.encoder.layer.4.attention.self.value.weight
Freezed:  module.bert.encoder.layer.4.attention.self.value.bias
Freezed:  module.bert.encoder.layer.4.attention.output.dense.weight
Freezed:  module.bert.encoder.layer.4.attention.output.dense.bias
Freezed:  module.bert.encoder.layer.4.attention.output.LayerNorm.weight
Freezed:  module.bert.encoder.layer.4.attention.output.LayerNorm.bias
Freezed:  module.bert.encoder.layer.4.intermediate.dense.weight
Freezed:  module.bert.encoder.layer.4.intermediate.dense.bias
Freezed:  module.bert.encoder.layer.4.output.dense.weight
Freezed:  module.bert.encoder.layer.4.output.dense.bias
Freezed:  module.bert.encoder.layer.4.output.LayerNorm.weight
Freezed:  module.bert.encoder.layer.4.output.LayerNorm.bias
Freezed:  module.bert.encoder.layer.5.attention.self.query.weight
Freezed:  module.bert.encoder.layer.5.attention.self.query.bias
Freezed:  module.bert.encoder.layer.5.attention.self.key.weight
Freezed:  module.bert.encoder.layer.5.attention.self.key.bias
Freezed:  module.bert.encoder.layer.5.attention.self.value.weight
Freezed:  module.bert.encoder.layer.5.attention.self.value.bias
Freezed:  module.bert.encoder.layer.5.attention.output.dense.weight
Freezed:  module.bert.encoder.layer.5.attention.output.dense.bias
Freezed:  module.bert.encoder.layer.5.attention.output.LayerNorm.weight
Freezed:  module.bert.encoder.layer.5.attention.output.LayerNorm.bias
Freezed:  module.bert.encoder.layer.5.intermediate.dense.weight
Freezed:  module.bert.encoder.layer.5.intermediate.dense.bias
Freezed:  module.bert.encoder.layer.5.output.dense.weight
Freezed:  module.bert.encoder.layer.5.output.dense.bias
Freezed:  module.bert.encoder.layer.5.output.LayerNorm.weight
Freezed:  module.bert.encoder.layer.5.output.LayerNorm.bias
EPOCH 0
--------------
Labels:  tensor([4, 4, 2, 0, 0, 4, 4, 1, 4, 2, 0, 1, 1, 2, 2, 1], device='cuda:1')
Preds:  tensor([3, 3, 3, 3, 3, 4, 3, 3, 3, 3, 3, 3, 3, 4, 3, 3], device='cuda:1')
Outputs:  tensor([[0.1682, 0.1763, 0.1765, 0.2575, 0.2215],
        [0.1738, 0.1767, 0.1785, 0.2508, 0.2203],
        [0.1742, 0.1608, 0.1810, 0.2527, 0.2313],
        [0.1763, 0.1800, 0.1879, 0.2299, 0.2259],
        [0.1686, 0.1720, 0.1719, 0.2537, 0.2339],
        [0.1678, 0.1724, 0.1846, 0.2372, 0.2379],
        [0.1899, 0.1680, 0.1527, 0.2483, 0.2411],
        [0.1677, 0.1690, 0.1797, 0.2463, 0.2373],
        [0.1784, 0.1828, 0.1546, 0.2567, 0.2275],
        [0.1638, 0.1780, 0.1927, 0.2353, 0.2303],
        [0.1689, 0.1834, 0.1799, 0.2363, 0.2315],
        [0.1589, 0.1691, 0.1904, 0.2471, 0.2344],
        [0.1679, 0.1741, 0.1793, 0.2507, 0.2279],
        [0.1626, 0.1744, 0.1961, 0.2293, 0.2376],
        [0.1656, 0.1789, 0.1886, 0.2455, 0.2213],
        [0.1685, 0.1747, 0.1789, 0.2463, 0.2316]], device='cuda:1')
Metric:  tensor(0.0625, device='cuda:1')
------------------------
Mean loss[1.6239200056093737] | Mean metric[0.18826256710590533]
Stupid loss[0.0] | Naive soulution metric[0.2]
Freezed:  module.bert.embeddings.word_embeddings.weight
Freezed:  module.bert.embeddings.position_embeddings.weight
Freezed:  module.bert.embeddings.token_type_embeddings.weight
Freezed:  module.bert.embeddings.LayerNorm.weight
Freezed:  module.bert.embeddings.LayerNorm.bias
Freezed:  module.bert.encoder.layer.0.attention.self.query.weight
Freezed:  module.bert.encoder.layer.0.attention.self.query.bias
Freezed:  module.bert.encoder.layer.0.attention.self.key.weight
Freezed:  module.bert.encoder.layer.0.attention.self.key.bias
Freezed:  module.bert.encoder.layer.0.attention.self.value.weight
Freezed:  module.bert.encoder.layer.0.attention.self.value.bias
Freezed:  module.bert.encoder.layer.0.attention.output.dense.weight
Freezed:  module.bert.encoder.layer.0.attention.output.dense.bias
Freezed:  module.bert.encoder.layer.0.attention.output.LayerNorm.weight
Freezed:  module.bert.encoder.layer.0.attention.output.LayerNorm.bias
Freezed:  module.bert.encoder.layer.0.intermediate.dense.weight
Freezed:  module.bert.encoder.layer.0.intermediate.dense.bias
Freezed:  module.bert.encoder.layer.0.output.dense.weight
Freezed:  module.bert.encoder.layer.0.output.dense.bias
Freezed:  module.bert.encoder.layer.0.output.LayerNorm.weight
Freezed:  module.bert.encoder.layer.0.output.LayerNorm.bias
Freezed:  module.bert.encoder.layer.1.attention.self.query.weight
Freezed:  module.bert.encoder.layer.1.attention.self.query.bias
Freezed:  module.bert.encoder.layer.1.attention.self.key.weight
Freezed:  module.bert.encoder.layer.1.attention.self.key.bias
Freezed:  module.bert.encoder.layer.1.attention.self.value.weight
Freezed:  module.bert.encoder.layer.1.attention.self.value.bias
Freezed:  module.bert.encoder.layer.1.attention.output.dense.weight
Freezed:  module.bert.encoder.layer.1.attention.output.dense.bias
Freezed:  module.bert.encoder.layer.1.attention.output.LayerNorm.weight
Freezed:  module.bert.encoder.layer.1.attention.output.LayerNorm.bias
Freezed:  module.bert.encoder.layer.1.intermediate.dense.weight
Freezed:  module.bert.encoder.layer.1.intermediate.dense.bias
Freezed:  module.bert.encoder.layer.1.output.dense.weight
Freezed:  module.bert.encoder.layer.1.output.dense.bias
Freezed:  module.bert.encoder.layer.1.output.LayerNorm.weight
Freezed:  module.bert.encoder.layer.1.output.LayerNorm.bias
Freezed:  module.bert.encoder.layer.2.attention.self.query.weight
Freezed:  module.bert.encoder.layer.2.attention.self.query.bias
Freezed:  module.bert.encoder.layer.2.attention.self.key.weight
Freezed:  module.bert.encoder.layer.2.attention.self.key.bias
Freezed:  module.bert.encoder.layer.2.attention.self.value.weight
Freezed:  module.bert.encoder.layer.2.attention.self.value.bias
Freezed:  module.bert.encoder.layer.2.attention.output.dense.weight
Freezed:  module.bert.encoder.layer.2.attention.output.dense.bias
Freezed:  module.bert.encoder.layer.2.attention.output.LayerNorm.weight
Freezed:  module.bert.encoder.layer.2.attention.output.LayerNorm.bias
Freezed:  module.bert.encoder.layer.2.intermediate.dense.weight
Freezed:  module.bert.encoder.layer.2.intermediate.dense.bias
Freezed:  module.bert.encoder.layer.2.output.dense.weight
Freezed:  module.bert.encoder.layer.2.output.dense.bias
Freezed:  module.bert.encoder.layer.2.output.LayerNorm.weight
Freezed:  module.bert.encoder.layer.2.output.LayerNorm.bias
Freezed:  module.bert.encoder.layer.3.attention.self.query.weight
Freezed:  module.bert.encoder.layer.3.attention.self.query.bias
Freezed:  module.bert.encoder.layer.3.attention.self.key.weight
Freezed:  module.bert.encoder.layer.3.attention.self.key.bias
Freezed:  module.bert.encoder.layer.3.attention.self.value.weight
Freezed:  module.bert.encoder.layer.3.attention.self.value.bias
Freezed:  module.bert.encoder.layer.3.attention.output.dense.weight
Freezed:  module.bert.encoder.layer.3.attention.output.dense.bias
Freezed:  module.bert.encoder.layer.3.attention.output.LayerNorm.weight
Freezed:  module.bert.encoder.layer.3.attention.output.LayerNorm.bias
Freezed:  module.bert.encoder.layer.3.intermediate.dense.weight
Freezed:  module.bert.encoder.layer.3.intermediate.dense.bias
Freezed:  module.bert.encoder.layer.3.output.dense.weight
Freezed:  module.bert.encoder.layer.3.output.dense.bias
Freezed:  module.bert.encoder.layer.3.output.LayerNorm.weight
Freezed:  module.bert.encoder.layer.3.output.LayerNorm.bias
Freezed:  module.bert.encoder.layer.4.attention.self.query.weight
Freezed:  module.bert.encoder.layer.4.attention.self.query.bias
Freezed:  module.bert.encoder.layer.4.attention.self.key.weight
Freezed:  module.bert.encoder.layer.4.attention.self.key.bias
Freezed:  module.bert.encoder.layer.4.attention.self.value.weight
Freezed:  module.bert.encoder.layer.4.attention.self.value.bias
Freezed:  module.bert.encoder.layer.4.attention.output.dense.weight
Freezed:  module.bert.encoder.layer.4.attention.output.dense.bias
Freezed:  module.bert.encoder.layer.4.attention.output.LayerNorm.weight
Freezed:  module.bert.encoder.layer.4.attention.output.LayerNorm.bias
Freezed:  module.bert.encoder.layer.4.intermediate.dense.weight
