Node IP: 10.128.2.152
WARNING:torch.distributed.run:
*****************************************
Setting OMP_NUM_THREADS environment variable for each process to be 1 in default, to avoid your system being overloaded, please further tune the variable for optimal performance in your application as needed. 
*****************************************
INFO:torch.distributed.launcher.api:Starting elastic_operator with launch configs:
  entrypoint       : train.py
  min_nodes        : 2
  max_nodes        : 2
  nproc_per_node   : 2
  run_id           : 586
  rdzv_backend     : c10d
  rdzv_endpoint    : 10.128.2.152:29500
  rdzv_configs     : {'timeout': 900}
  max_restarts     : 0
  monitor_interval : 5
  log_dir          : None
  metrics_cfg      : {}

INFO:torch.distributed.elastic.agent.server.local_elastic_agent:log directory set to: /tmp/torchelastic_mt19k3yw/586_0a255op0
INFO:torch.distributed.elastic.agent.server.api:[default] starting workers for entrypoint: python
INFO:torch.distributed.elastic.agent.server.api:[default] Rendezvous'ing worker group
WARNING:torch.distributed.run:
*****************************************
Setting OMP_NUM_THREADS environment variable for each process to be 1 in default, to avoid your system being overloaded, please further tune the variable for optimal performance in your application as needed. 
*****************************************
INFO:torch.distributed.launcher.api:Starting elastic_operator with launch configs:
  entrypoint       : train.py
  min_nodes        : 2
  max_nodes        : 2
  nproc_per_node   : 2
  run_id           : 586
  rdzv_backend     : c10d
  rdzv_endpoint    : 10.128.2.152:29500
  rdzv_configs     : {'timeout': 900}
  max_restarts     : 0
  monitor_interval : 5
  log_dir          : None
  metrics_cfg      : {}

INFO:torch.distributed.elastic.agent.server.local_elastic_agent:log directory set to: /tmp/torchelastic_4w5ujf_d/586_b7vvhc_i
INFO:torch.distributed.elastic.agent.server.api:[default] starting workers for entrypoint: python
INFO:torch.distributed.elastic.agent.server.api:[default] Rendezvous'ing worker group
INFO:torch.distributed.elastic.agent.server.api:[default] Rendezvous complete for workers. Result:
  restart_count=0
  master_addr=gpu002.hpc
  master_port=41449
  group_rank=0
  group_world_size=2
  local_ranks=[0, 1]
  role_ranks=[0, 1]
  global_ranks=[0, 1]
  role_world_sizes=[4, 4]
  global_world_sizes=[4, 4]

INFO:torch.distributed.elastic.agent.server.api:[default] Starting worker group
INFO:torch.distributed.elastic.agent.server.local_elastic_agent:Environment variable 'TORCHELASTIC_ENABLE_FILE_TIMER' not found. Do not start FileTimerServer.
INFO:torch.distributed.elastic.agent.server.api:[default] Rendezvous complete for workers. Result:
  restart_count=0
  master_addr=gpu002.hpc
  master_port=41449
  group_rank=1
  group_world_size=2
  local_ranks=[0, 1]
  role_ranks=[2, 3]
  global_ranks=[2, 3]
  role_world_sizes=[4, 4]
  global_world_sizes=[4, 4]

INFO:torch.distributed.elastic.multiprocessing:Setting worker0 reply file to: /tmp/torchelastic_mt19k3yw/586_0a255op0/attempt_0/0/error.json
INFO:torch.distributed.elastic.agent.server.api:[default] Starting worker group
INFO:torch.distributed.elastic.multiprocessing:Setting worker1 reply file to: /tmp/torchelastic_mt19k3yw/586_0a255op0/attempt_0/1/error.json
INFO:torch.distributed.elastic.agent.server.local_elastic_agent:Environment variable 'TORCHELASTIC_ENABLE_FILE_TIMER' not found. Do not start FileTimerServer.
INFO:torch.distributed.elastic.multiprocessing:Setting worker0 reply file to: /tmp/torchelastic_4w5ujf_d/586_b7vvhc_i/attempt_0/0/error.json
INFO:torch.distributed.elastic.multiprocessing:Setting worker1 reply file to: /tmp/torchelastic_4w5ujf_d/586_b7vvhc_i/attempt_0/1/error.json
/u/dssc/msanna00/.conda/envs/deeplearning3/lib/python3.7/site-packages/torch/cuda/__init__.py:497: UserWarning: Can't initialize NVML
  warnings.warn("Can't initialize NVML")
/u/dssc/msanna00/.conda/envs/deeplearning3/lib/python3.7/site-packages/torch/cuda/__init__.py:497: UserWarning: Can't initialize NVML
  warnings.warn("Can't initialize NVML")
PORT:  41449
WORLD SIZE:  4
MASTER NODE:  gpu002.hpc
My slurm id is:  0
My rank is:  1
PORT:  41449
WORLD SIZE:  4
MASTER NODE:  gpu002.hpc
My slurm id is:  0
My rank is:  0
PORT:  41449
WORLD SIZE:  4
MASTER NODE:  gpu002.hpc
My slurm id is:  1
My rank is:  2
PORT:  41449
WORLD SIZE:  4
MASTER NODE:  gpu002.hpc
My slurm id is:  1
My rank is:  3
Some weights of GPT2ForSequenceClassification were not initialized from the model checkpoint at gpt2 and are newly initialized: ['score.weight']
You should probably TRAIN this model on a down-stream task to be able to use it for predictions and inference.
Some weights of GPT2ForSequenceClassification were not initialized from the model checkpoint at gpt2 and are newly initialized: ['score.weight']
You should probably TRAIN this model on a down-stream task to be able to use it for predictions and inference.
------------------------

------------------------

Some weights of GPT2ForSequenceClassification were not initialized from the model checkpoint at gpt2 and are newly initialized: ['score.weight']
You should probably TRAIN this model on a down-stream task to be able to use it for predictions and inference.
Some weights of GPT2ForSequenceClassification were not initialized from the model checkpoint at gpt2 and are newly initialized: ['score.weight']
You should probably TRAIN this model on a down-stream task to be able to use it for predictions and inference.
------------------------

------------------------

I'm process 1 using GPU 1
I'm process 0 using GPU 0
I'm process 3 using GPU 1
I'm process 2 using GPU 0
Labels:  tensor([2, 2, 1, 1, 1, 4, 4, 4, 3, 2, 0, 3, 3, 4, 0, 3], device='cuda:0')
Preds:  tensor([3, 3, 3, 3, 3, 3, 3, 3, 3, 3, 3, 3, 3, 3, 3, 3], device='cuda:0')
Outputs:  tensor([[    0.0000,     0.0652,     0.0000,     0.9348,     0.0000],
        [    0.0000,     0.0345,     0.0000,     0.9655,     0.0000],
        [    0.0000,     0.0404,     0.0000,     0.9596,     0.0000],
        [    0.0000,     0.0408,     0.0000,     0.9592,     0.0000],
        [    0.0000,     0.0411,     0.0000,     0.9589,     0.0000],
        [    0.0000,     0.0329,     0.0000,     0.9671,     0.0000],
        [    0.0000,     0.0376,     0.0000,     0.9624,     0.0000],
        [    0.0000,     0.1378,     0.0001,     0.8621,     0.0000],
        [    0.0000,     0.0719,     0.0000,     0.9281,     0.0000],
        [    0.0000,     0.1168,     0.0000,     0.8831,     0.0000],
        [    0.0000,     0.2308,     0.0002,     0.7690,     0.0000],
        [    0.0000,     0.0711,     0.0000,     0.9289,     0.0000],
        [    0.0000,     0.0620,     0.0000,     0.9380,     0.0000],
        [    0.0000,     0.1188,     0.0000,     0.8811,     0.0000],
        [    0.0000,     0.0514,     0.0000,     0.9486,     0.0000],
        [    0.0000,     0.2601,     0.0006,     0.7393,     0.0001]],
       device='cuda:0')
Metric:  tensor(0.2500, device='cuda:0')
------------------------
Labels:  tensor([0, 4, 2, 3, 0, 1, 2, 2, 3, 2, 2, 4, 4, 1, 1, 2], device='cuda:1')
Preds:  tensor([3, 2, 3, 3, 3, 3, 3, 3, 3, 3, 3, 3, 3, 3, 3, 3], device='cuda:1')
Outputs:  tensor([[    0.0000,     0.0971,     0.0000,     0.9029,     0.0000],
        [    0.0110,     0.0151,     0.9446,     0.0031,     0.0263],
        [    0.0000,     0.0634,     0.0000,     0.9366,     0.0000],
        [    0.0000,     0.0658,     0.0000,     0.9342,     0.0000],
        [    0.0000,     0.0629,     0.0000,     0.9370,     0.0000],
        [    0.0000,     0.0970,     0.0000,     0.9030,     0.0000],
        [    0.0000,     0.1205,     0.0000,     0.8794,     0.0000],
        [    0.0000,     0.0462,     0.0000,     0.9538,     0.0000],
        [    0.0000,     0.0308,     0.0000,     0.9692,     0.0000],
        [    0.0000,     0.0309,     0.0000,     0.9691,     0.0000],
        [    0.0000,     0.0331,     0.0000,     0.9669,     0.0000],
        [    0.0000,     0.0229,     0.0000,     0.9771,     0.0000],
        [    0.0000,     0.1512,     0.0000,     0.8488,     0.0000],
        [    0.0000,     0.0372,     0.0000,     0.9628,     0.0000],
        [    0.0000,     0.1775,     0.0000,     0.8225,     0.0000],
        [    0.0000,     0.0480,     0.0000,     0.9520,     0.0000]],
       device='cuda:1')
Metric:  tensor(0.1250, device='cuda:1')
------------------------
Labels:  tensor([3, 1, 1, 4, 0, 2, 4, 1, 3, 0, 2, 3, 2, 2, 4, 4], device='cuda:0')
Preds:  tensor([3, 3, 3, 3, 3, 3, 3, 3, 3, 3, 3, 3, 3, 3, 3, 3], device='cuda:0')
Outputs:  Labels:  tensor([[    0.0000,     0.0857,     0.0000,     0.9143,     0.0000],
        [    0.0000,     0.0318,     0.0000,     0.9682,     0.0000],
        [    0.0000,     0.0532,     0.0000,     0.9468,     0.0000],
        [    0.0000,     0.1128,     0.0000,     0.8872,     0.0000],
        [    0.0000,     0.0678,     0.0000,     0.9322,     0.0000],
        [    0.0000,     0.1075,     0.0000,     0.8925,     0.0000],
        [    0.0000,     0.1513,     0.0000,     0.8487,     0.0000],
        [    0.0000,     0.1135,     0.0000,     0.8865,     0.0000],
        [    0.0000,     0.0327,     0.0000,     0.9673,     0.0000],
        [    0.0000,     0.0377,     0.0000,     0.9623,     0.0000],
        [    0.0000,     0.1596,     0.0000,     0.8404,     0.0000],
        [    0.0000,     0.0583,     0.0000,     0.9417,     0.0000],
        [    0.0000,     0.0446,     0.0000,     0.9554,     0.0000],
        [    0.0000,     0.0228,     0.0000,     0.9772,     0.0000],
        [    0.0000,     0.0633,     0.0000,     0.9367,     0.0000],
        [    0.0000,     0.0302,     0.0000,     0.9698,     0.0000]],
       device='cuda:0')
Metric:  tensor(0.1875, device='cuda:0')
------------------------
tensor([3, 0, 0, 1, 0, 3, 0, 0, 3, 1, 4, 4, 4, 1, 2, 0], device='cuda:1')
Preds:  tensor([3, 3, 3, 3, 3, 3, 3, 3, 3, 3, 3, 3, 3, 3, 3, 3], device='cuda:1')
Outputs:  tensor([[    0.0000,     0.2251,     0.0004,     0.7744,     0.0001],
        [    0.0000,     0.0302,     0.0000,     0.9698,     0.0000],
        [    0.0000,     0.0633,     0.0000,     0.9367,     0.0000],
        [    0.0000,     0.2573,     0.0006,     0.7420,     0.0001],
        [    0.0000,     0.0410,     0.0000,     0.9590,     0.0000],
        [    0.0000,     0.1889,     0.0000,     0.8111,     0.0000],
        [    0.0000,     0.0620,     0.0000,     0.9380,     0.0000],
        [    0.0000,     0.1069,     0.0000,     0.8931,     0.0000],
        [    0.0000,     0.0421,     0.0000,     0.9579,     0.0000],
        [    0.0000,     0.0240,     0.0000,     0.9760,     0.0000],
        [    0.0000,     0.0231,     0.0000,     0.9769,     0.0000],
        [    0.0000,     0.1021,     0.0000,     0.8979,     0.0000],
        [    0.0000,     0.0513,     0.0000,     0.9486,     0.0000],
        [    0.0000,     0.0434,     0.0000,     0.9566,     0.0000],
        [    0.0000,     0.1004,     0.0000,     0.8996,     0.0000],
        [    0.0000,     0.1005,     0.0000,     0.8995,     0.0000]],
       device='cuda:1')
Metric:  tensor(0.1875, device='cuda:1')
------------------------
Labels:  tensor([1, 1, 1, 1, 2, 1, 0, 0, 4, 4, 2, 1, 3, 0, 0, 1], device='cuda:0')
Preds:  tensor([1, 3, 3, 3, 3, 3, 3, 3, 3, 3, 3, 3, 3, 3, 3, 3], device='cuda:0')
Outputs:  tensor([[    0.0000,     0.5535,     0.0003,     0.4463,     0.0000],
        [    0.0000,     0.0882,     0.0000,     0.9118,     0.0000],
        [    0.0000,     0.0811,     0.0000,     0.9188,     0.0000],
        [    0.0000,     0.0372,     0.0000,     0.9628,     0.0000],
        [    0.0000,     0.1533,     0.0001,     0.8465,     0.0000],
        [    0.0000,     0.0676,     0.0000,     0.9324,     0.0000],
        [    0.0000,     0.1107,     0.0001,     0.8892,     0.0000],
        [    0.0000,     0.1305,     0.0000,     0.8694,     0.0000],
        [    0.0000,     0.0741,     0.0000,     0.9259,     0.0000],
        [    0.0000,     0.1012,     0.0000,     0.8987,     0.0000],
        [    0.0000,     0.0258,     0.0000,     0.9742,     0.0000],
        [    0.0000,     0.0535,     0.0000,     0.9465,     0.0000],
        [    0.0000,     0.0610,     0.0000,     0.9390,     0.0000],
        [    0.0000,     0.0995,     0.0000,     0.9005,     0.0000],
        [    0.0000,     0.0395,     0.0000,     0.9605,     0.0000],
        [    0.0000,     0.0537,     0.0000,     0.9463,     0.0000]],
       device='cuda:0')
Metric:  tensor(0.1250, device='cuda:0')
------------------------
Labels:  tensor([2, 0, 4, 4, 4, 0, 0, 2, 4, 0, 4, 0, 0, 0, 1, 2], device='cuda:1')
Preds:  tensor([3, 3, 3, 3, 3, 3, 3, 3, 3, 3, 3, 3, 3, 3, 3, 3], device='cuda:1')
Outputs:  tensor([[    0.0000,     0.0383,     0.0000,     0.9617,     0.0000],
        [    0.0000,     0.0231,     0.0000,     0.9769,     0.0000],
        [    0.0000,     0.0436,     0.0000,     0.9564,     0.0000],
        [    0.0000,     0.0491,     0.0000,     0.9509,     0.0000],
        [    0.0000,     0.0727,     0.0000,     0.9272,     0.0000],
        [    0.0000,     0.0792,     0.0000,     0.9208,     0.0000],
        [    0.0000,     0.0876,     0.0000,     0.9124,     0.0000],
        [    0.0000,     0.0844,     0.0000,     0.9156,     0.0000],
        [    0.0000,     0.0520,     0.0000,     0.9480,     0.0000],
        [    0.0000,     0.0244,     0.0000,     0.9756,     0.0000],
        [    0.0000,     0.2373,     0.0006,     0.7620,     0.0001],
        [    0.0000,     0.0292,     0.0000,     0.9708,     0.0000],
        [    0.0000,     0.0577,     0.0000,     0.9423,     0.0000],
        [    0.0000,     0.0421,     0.0000,     0.9579,     0.0000],
        [    0.0000,     0.3636,     0.0064,     0.6292,     0.0009],
        [    0.0000,     0.1069,     0.0000,     0.8931,     0.0000]],
       device='cuda:1')
Metric:  tensor(0., device='cuda:1')
------------------------
Labels:  tensor([0, 1, 4, 2, 3, 2, 1, 0, 2, 2, 2, 0, 2, 4, 3, 4], device='cuda:0')
Preds:  tensor([3, 3, 3, 3, 3, 3, 3, 3, 3, 3, 3, 3, 3, 3, 3, 3], device='cuda:0')
Outputs:  tensor([[    0.0000,     0.1301,     0.0000,     0.8698,     0.0000],
        [    0.0000,     0.0245,     0.0000,     0.9755,     0.0000],
        [    0.0000,     0.0398,     0.0000,     0.9602,     0.0000],
        [    0.0000,     0.1240,     0.0000,     0.8760,     0.0000],
        [    0.0000,     0.0341,     0.0000,     0.9659,     0.0000],
        [    0.0000,     0.0263,     0.0000,     0.9737,     0.0000],
        [    0.0000,     0.0327,     0.0000,     0.9673,     0.0000],
        [    0.0000,     0.0832,     0.0000,     0.9168,     0.0000],
        [    0.0000,     0.0369,     0.0000,     0.9631,     0.0000],
        [    0.0000,     0.0658,     0.0000,     0.9342,     0.0000],
        [    0.0000,     0.1007,     0.0000,     0.8993,     0.0000],
        [    0.0000,     0.1030,     0.0000,     0.8969,     0.0000],
        [    0.0000,     0.1182,     0.0000,     0.8818,     0.0000],
        [    0.0000,     0.1224,     0.0001,     0.8775,     0.0000],
        [    0.0000,     0.0578,     0.0000,     0.9422,     0.0000],
        [    0.0000,     0.3523,     0.0005,     0.6472,     0.0000]],
       device='cuda:0')
Metric:  tensor(0.1250, device='cuda:0')
------------------------
Labels:  tensor([3, 2, 3, 1, 3, 4, 3, 0, 3, 1, 1, 0, 0, 3, 2, 0], device='cuda:1')
Preds:  tensor([3, 3, 3, 3, 3, 3, 3, 3, 3, 3, 3, 3, 3, 3, 1, 3], device='cuda:1')
Outputs:  tensor([[    0.0000,     0.0329,     0.0000,     0.9671,     0.0000],
        [    0.0000,     0.0578,     0.0000,     0.9422,     0.0000],
        [    0.0000,     0.0505,     0.0000,     0.9495,     0.0000],
        [    0.0000,     0.0367,     0.0000,     0.9633,     0.0000],
        [    0.0000,     0.1477,     0.0001,     0.8522,     0.0000],
        [    0.0000,     0.0686,     0.0000,     0.9313,     0.0000],
        [    0.0000,     0.0577,     0.0000,     0.9423,     0.0000],
        [    0.0000,     0.0404,     0.0000,     0.9596,     0.0000],
        [    0.0000,     0.1044,     0.0001,     0.8956,     0.0000],
        [    0.0000,     0.0510,     0.0000,     0.9490,     0.0000],
        [    0.0000,     0.0258,     0.0000,     0.9742,     0.0000],
        [    0.0000,     0.0950,     0.0000,     0.9050,     0.0000],
        [    0.0000,     0.0382,     0.0000,     0.9618,     0.0000],
        [    0.0000,     0.0350,     0.0000,     0.9650,     0.0000],
        [    0.0004,     0.5912,     0.1735,     0.2276,     0.0073],
        [    0.0000,     0.0293,     0.0000,     0.9707,     0.0000]],
       device='cuda:1')
Metric:  tensor(0.3750, device='cuda:1')
------------------------
Labels:  tensor([4, 0, 4, 0, 4, 1, 1, 3, 0, 4, 4, 3, 0, 2, 3, 0], device='cuda:0')
Preds:  tensor([3, 3, 3, 3, 3, 3, 3, 3, 3, 3, 3, 3, 3, 3, 3, 3], device='cuda:0')
Outputs:  tensor([[    0.0000,     0.0818,     0.0000,     0.9181,     0.0000],
        [    0.0000,     0.1132,     0.0000,     0.8868,     0.0000],
        [    0.0000,     0.0890,     0.0000,     0.9110,     0.0000],
        [    0.0000,     0.0518,     0.0000,     0.9482,     0.0000],
        [    0.0000,     0.0439,     0.0000,     0.9561,     0.0000],
        [    0.0000,     0.1498,     0.0000,     0.8502,     0.0000],
        [    0.0000,     0.0471,     0.0000,     0.9529,     0.0000],
        [    0.0000,     0.1775,     0.0001,     0.8224,     0.0000],
        [    0.0000,     0.1406,     0.0000,     0.8594,     0.0000],
        [    0.0000,     0.0569,     0.0000,     0.9431,     0.0000],
        [    0.0000,     0.0387,     0.0000,     0.9613,     0.0000],
        [    0.0000,     0.0174,     0.0000,     0.9826,     0.0000],
        [    0.0000,     0.1149,     0.0000,     0.8851,     0.0000],
        [    0.0000,     0.0439,     0.0000,     0.9561,     0.0000],
        [    0.0000,     0.0598,     0.0000,     0.9402,     0.0000],
        [    0.0000,     0.0356,     0.0000,     0.9644,     0.0000]],
       device='cuda:0')
Metric:  tensor(0.1875, device='cuda:0')
------------------------
Labels:  tensor([3, 3, 3, 2, 1, 3, 1, 1, 2, 2, 0, 3, 3, 4, 4, 2], device='cuda:0')
Preds:  tensor([3, 3, 3, 3, 3, 3, 3, 3, 1, 3, 3, 3, 3, 3, 3, 3], device='cuda:0')
Outputs:  tensor([[    0.0000,     0.0640,     0.0000,     0.9360,     0.0000],
        [    0.0000,     0.0266,     0.0000,     0.9734,     0.0000],
        [    0.0000,     0.1026,     0.0000,     0.8974,     0.0000],
        [    0.0000,     0.0348,     0.0000,     0.9652,     0.0000],
        [    0.0000,     0.0683,     0.0000,     0.9317,     0.0000],
        [    0.0000,     0.0315,     0.0000,     0.9685,     0.0000],
        [    0.0000,     0.0293,     0.0000,     0.9707,     0.0000],
        [    0.0000,     0.0543,     0.0000,     0.9457,     0.0000],
        [    0.0002,     0.5731,     0.0642,     0.3570,     0.0056],
        [    0.0000,     0.1260,     0.0000,     0.8739,     0.0000],
        [    0.0000,     0.2809,     0.0000,     0.7191,     0.0000],
        [    0.0000,     0.0760,     0.0000,     0.9240,     0.0000],
        [    0.0000,     0.0813,     0.0000,     0.9187,     0.0000],
        [    0.0000,     0.0358,     0.0000,     0.9642,     0.0000],
        [    0.0000,     0.2433,     0.0001,     0.7566,     0.0000],
        [    0.0000,     0.0227,     0.0000,     0.9773,     0.0000]],
       device='cuda:0')
Metric:  tensor(0.3750, device='cuda:0')
------------------------
Labels:  tensor([2, 3, 4, 0, 1, 3, 4, 3, 4, 2, 1, 0, 4, 4, 4, 4], device='cuda:1')
Preds:  tensor([3, 3, 3, 3, 3, 3, 3, 3, 3, 3, 3, 3, 3, 3, 3, 3], device='cuda:1')
Outputs:  tensor([[    0.0000,     0.0442,     0.0000,     0.9558,     0.0000],
        [    0.0000,     0.1347,     0.0001,     0.8652,     0.0000],
        [    0.0000,     0.1284,     0.0001,     0.8715,     0.0000],
        [    0.0000,     0.0222,     0.0000,     0.9778,     0.0000],
        [    0.0000,     0.0139,     0.0000,     0.9861,     0.0000],
        [    0.0000,     0.0340,     0.0000,     0.9660,     0.0000],
        [    0.0000,     0.0527,     0.0000,     0.9473,     0.0000],
        [    0.0000,     0.0447,     0.0000,     0.9553,     0.0000],
        [    0.0000,     0.1841,     0.0002,     0.8157,     0.0000],
        [    0.0000,     0.0836,     0.0000,     0.9164,     0.0000],
        [    0.0000,     0.0411,     0.0000,     0.9589,     0.0000],
        [    0.0000,     0.0828,     0.0000,     0.9172,     0.0000],
        [    0.0000,     0.0914,     0.0000,     0.9086,     0.0000],
        [    0.0000,     0.0579,     0.0000,     0.9421,     0.0000],
        [    0.0000,     0.0355,     0.0000,     0.9645,     0.0000],
        [    0.0000,     0.0319,     0.0000,     0.9681,     0.0000]],
       device='cuda:1')
Metric:  tensor(0.1875, device='cuda:1')
------------------------
Labels:  tensor([3, 2, 3, 2, 3, 0, 2, 4, 1, 1, 1, 1, 0, 0, 0, 0], device='cuda:1')
Preds:  tensor([3, 3, 3, 3, 3, 3, 3, 3, 3, 3, 3, 2, 3, 3, 3, 3], device='cuda:1')
Outputs:  tensor([[    0.0000,     0.0377,     0.0000,     0.9623,     0.0000],
        [    0.0000,     0.0331,     0.0000,     0.9669,     0.0000],
        [    0.0000,     0.1289,     0.0000,     0.8710,     0.0000],
        [    0.0000,     0.0842,     0.0000,     0.9158,     0.0000],
        [    0.0000,     0.0400,     0.0000,     0.9600,     0.0000],
        [    0.0000,     0.0585,     0.0000,     0.9415,     0.0000],
        [    0.0000,     0.0940,     0.0000,     0.9060,     0.0000],
        [    0.0000,     0.3625,     0.0009,     0.6366,     0.0001],
        [    0.0000,     0.1649,     0.0000,     0.8350,     0.0000],
        [    0.0000,     0.0476,     0.0000,     0.9524,     0.0000],
        [    0.0000,     0.0225,     0.0000,     0.9775,     0.0000],
        [    0.3340,     0.0022,     0.5423,     0.0008,     0.1207],
        [    0.0000,     0.0708,     0.0001,     0.9292,     0.0000],
        [    0.0000,     0.0402,     0.0000,     0.9598,     0.0000],
        [    0.0000,     0.0918,     0.0000,     0.9082,     0.0000],
        [    0.0000,     0.0478,     0.0000,     0.9522,     0.0000]],
       device='cuda:1')
Metric:  tensor(0.1875, device='cuda:1')
------------------------
Labels:  tensor([2, 0, 1, 3, 4, 2, 0, 0, 2, 1, 0, 1, 1, 2, 3, 4], device='cuda:0')
Preds:  tensor([3, 3, 3, 3, 3, 3, 3, 3, 3, 3, 3, 3, 3, 3, 3, 3], device='cuda:0')
Outputs:  tensor([[    0.0000,     0.0229,     0.0000,     0.9771,     0.0000],
        [    0.0000,     0.0374,     0.0000,     0.9626,     0.0000],
        [    0.0000,     0.0423,     0.0000,     0.9577,     0.0000],
        [    0.0000,     0.1258,     0.0001,     0.8741,     0.0000],
        [    0.0000,     0.0109,     0.0000,     0.9891,     0.0000],
        [    0.0000,     0.1289,     0.0000,     0.8711,     0.0000],
        [    0.0000,     0.0621,     0.0000,     0.9379,     0.0000],
        [    0.0000,     0.0228,     0.0000,     0.9772,     0.0000],
        [    0.0000,     0.1288,     0.0000,     0.8712,     0.0000],
        [    0.0000,     0.0233,     0.0000,     0.9767,     0.0000],
        [    0.0000,     0.1408,     0.0000,     0.8592,     0.0000],
        [    0.0000,     0.0376,     0.0000,     0.9624,     0.0000],
        [    0.0000,     0.0814,     0.0000,     0.9186,     0.0000],
        [    0.0000,     0.0907,     0.0000,     0.9093,     0.0000],
        [    0.0000,     0.0930,     0.0000,     0.9070,     0.0000],
        [    0.0000,     0.1302,     0.0000,     0.8697,     0.0000]],
       device='cuda:0')
Metric:  tensor(0.1250, device='cuda:0')
Labels:  tensor([4, 1, 1, 0, 0, 1, 2, 4, 2, 4, 4, 1, 0, 1, 2, 1], device='cuda:0')
------------------------
Preds:  tensor([3, 3, 3, 3, 3, 3, 3, 3, 3, 3, 3, 3, 3, 3, 3, 3], device='cuda:0')
Outputs:  tensor([[    0.0000,     0.1198,     0.0000,     0.8802,     0.0000],
        [    0.0000,     0.0985,     0.0001,     0.9014,     0.0000],
        [    0.0000,     0.1789,     0.0001,     0.8209,     0.0000],
        [    0.0000,     0.0173,     0.0000,     0.9827,     0.0000],
        [    0.0000,     0.0132,     0.0000,     0.9868,     0.0000],
        [    0.0000,     0.0858,     0.0000,     0.9142,     0.0000],
        [    0.0000,     0.0561,     0.0000,     0.9439,     0.0000],
        [    0.0000,     0.1755,     0.0001,     0.8244,     0.0000],
        [    0.0000,     0.0546,     0.0000,     0.9454,     0.0000],
        [    0.0000,     0.1446,     0.0000,     0.8554,     0.0000],
        [    0.0000,     0.0966,     0.0000,     0.9033,     0.0000],
        [    0.0000,     0.0374,     0.0000,     0.9626,     0.0000],
        [    0.0000,     0.1423,     0.0001,     0.8576,     0.0000],
        [    0.0000,     0.0816,     0.0000,     0.9184,     0.0000],
        [    0.0000,     0.0722,     0.0000,     0.9278,     0.0000],
        [    0.0000,     0.0269,     0.0000,     0.9731,     0.0000]],
       device='cuda:0')
Metric:  tensor(0., device='cuda:0')
------------------------
Labels:  tensor([1, 1, 2, 1, 1, 4, 1, 4, 4, 1, 3, 2, 4, 3, 3, 4], device='cuda:1')
Preds:  tensor([3, 3, 3, 3, 3, 3, 3, 3, 3, 3, 3, 3, 3, 3, 3, 3], device='cuda:1')
Outputs:  tensor([[    0.0000,     0.0334,     0.0000,     0.9666,     0.0000],
        [    0.0000,     0.0573,     0.0000,     0.9427,     0.0000],
        [    0.0000,     0.0948,     0.0000,     0.9051,     0.0000],
        [    0.0000,     0.0423,     0.0000,     0.9577,     0.0000],
        [    0.0000,     0.0269,     0.0000,     0.9731,     0.0000],
        [    0.0000,     0.1422,     0.0000,     0.8578,     0.0000],
        [    0.0000,     0.0481,     0.0000,     0.9519,     0.0000],
        [    0.0000,     0.1285,     0.0000,     0.8715,     0.0000],
        [    0.0000,     0.2968,     0.0003,     0.7029,     0.0000],
        [    0.0000,     0.1139,     0.0001,     0.8861,     0.0000],
        [    0.0000,     0.1572,     0.0002,     0.8426,     0.0000],
        [    0.0000,     0.1594,     0.0000,     0.8406,     0.0000],
        [    0.0000,     0.1173,     0.0000,     0.8827,     0.0000],
        [    0.0000,     0.0369,     0.0000,     0.9631,     0.0000],
        [    0.0000,     0.0825,     0.0000,     0.9175,     0.0000],
        [    0.0000,     0.1021,     0.0001,     0.8978,     0.0000]],
       device='cuda:1')
Labels:  tensor([4, 4, 4, 2, 3, 2, 4, 1, 2, 1, 1, 2, 0, 1, 0, 1], device='cuda:1')
Metric:  tensor(0.1875, device='cuda:1')
Preds:  tensor([3, 3, 3, 3, 3, 3, 3, 3, 3, 3, 3, 3, 3, 3, 3, 3], device='cuda:1')
------------------------
Outputs:  tensor([[    0.0000,     0.0294,     0.0000,     0.9706,     0.0000],
        [    0.0000,     0.0597,     0.0000,     0.9403,     0.0000],
        [    0.0000,     0.0921,     0.0000,     0.9079,     0.0000],
        [    0.0000,     0.0121,     0.0000,     0.9879,     0.0000],
        [    0.0000,     0.1443,     0.0000,     0.8556,     0.0000],
        [    0.0000,     0.0306,     0.0000,     0.9694,     0.0000],
        [    0.0000,     0.1475,     0.0001,     0.8524,     0.0000],
        [    0.0000,     0.0358,     0.0000,     0.9642,     0.0000],
        [    0.0000,     0.1114,     0.0000,     0.8886,     0.0000],
        [    0.0000,     0.0465,     0.0000,     0.9535,     0.0000],
        [    0.0000,     0.0494,     0.0000,     0.9506,     0.0000],
        [    0.0000,     0.0652,     0.0000,     0.9348,     0.0000],
        [    0.0000,     0.1338,     0.0001,     0.8661,     0.0000],
        [    0.0000,     0.1296,     0.0000,     0.8704,     0.0000],
        [    0.0000,     0.1782,     0.0003,     0.8215,     0.0000],
        [    0.0000,     0.0907,     0.0000,     0.9092,     0.0000]],
       device='cuda:1')
Metric:  tensor(0.0625, device='cuda:1')
------------------------
Labels:  tensor([1, 1, 2, 4, 2, 4, 0, 2, 3, 2, 0, 1, 1, 3, 2, 0], device='cuda:0')
Preds:  tensor([3, 3, 3, 3, 3, 3, 3, 3, 3, 3, 3, 3, 3, 3, 3, 3], device='cuda:0')
Outputs:  tensor([[    0.0000,     0.0291,     0.0000,     0.9709,     0.0000],
        [    0.0000,     0.0449,     0.0000,     0.9551,     0.0000],
        [    0.0000,     0.0621,     0.0000,     0.9379,     0.0000],
        [    0.0000,     0.1014,     0.0000,     0.8985,     0.0000],
        [    0.0000,     0.0654,     0.0000,     0.9346,     0.0000],
        [    0.0000,     0.0490,     0.0000,     0.9510,     0.0000],
        [    0.0000,     0.0674,     0.0000,     0.9326,     0.0000],
        [    0.0000,     0.0456,     0.0000,     0.9544,     0.0000],
        [    0.0000,     0.1160,     0.0000,     0.8840,     0.0000],
        [    0.0000,     0.0275,     0.0000,     0.9725,     0.0000],
        [    0.0000,     0.0923,     0.0000,     0.9076,     0.0000],
        [    0.0000,     0.2018,     0.0013,     0.7968,     0.0000],
        [    0.0000,     0.0765,     0.0000,     0.9235,     0.0000],
        [    0.0000,     0.0356,     0.0000,     0.9644,     0.0000],
        [    0.0000,     0.1104,     0.0000,     0.8895,     0.0000],
        [    0.0000,     0.0835,     0.0000,     0.9165,     0.0000]],
       device='cuda:0')
Metric:  tensor(0.1250, device='cuda:0')
------------------------
Mean loss[10.478159196787546] | Mean metric[0.19341752074182528]
Stupid loss[0.0] | Naive soulution metric[0.2]
Freezed:  module.transformer.wte.weight
Freezed:  module.transformer.wpe.weight
Freezed:  module.transformer.h.0.ln_1.weight
Freezed:  module.transformer.h.0.ln_1.bias
Freezed:  module.transformer.h.0.attn.c_attn.weight
Freezed:  module.transformer.h.0.attn.c_attn.bias
Labels:  tensor([4, 2, 2, 0, 0, 3, 3, 0, 0, 0, 0, 1, 4, 2, 0, 4], device='cuda:0')
Freezed:  module.transformer.h.0.attn.c_proj.weight
Preds:  tensor([3, 3, 3, 3, 3, 3, 3, 3, 3, 3, 3, 3, 3, 3, 3, 3], device='cuda:0')
Freezed:  module.transformer.h.0.attn.c_proj.bias
Outputs:  tensor([[    0.0000,     0.1954,     0.0000,     0.8046,     0.0000],
        [    0.0000,     0.1248,     0.0000,     0.8752,     0.0000],
        [    0.0000,     0.1706,     0.0001,     0.8293,     0.0000],
        [    0.0000,     0.0718,     0.0000,     0.9281,     0.0000],
        [    0.0000,     0.1136,     0.0001,     0.8863,     0.0000],
        [    0.0000,     0.0226,     0.0000,     0.9774,     0.0000],
        [    0.0000,     0.1130,     0.0000,     0.8870,     0.0000],
        [    0.0000,     0.1373,     0.0000,     0.8627,     0.0000],
        [    0.0000,     0.0571,     0.0000,     0.9429,     0.0000],
        [    0.0000,     0.0376,     0.0000,     0.9624,     0.0000],
        [    0.0000,     0.0560,     0.0000,     0.9440,     0.0000],
        [    0.0000,     0.0885,     0.0000,     0.9115,     0.0000],
        [    0.0000,     0.1384,     0.0000,     0.8616,     0.0000],
        [    0.0000,     0.3482,     0.0000,     0.6518,     0.0000],
Freezed:  module.transformer.h.0.ln_2.weight
        [    0.0000,     0.0378,     0.0000,     0.9622,     0.0000],
        [    0.0000,     0.0410,     0.0000,     0.9590,     0.0000]],
       device='cuda:0')
Freezed:  module.transformer.h.0.ln_2.bias
Metric:  tensor(0.1250, device='cuda:0')
Freezed:  module.transformer.h.0.mlp.c_fc.weight
------------------------
Freezed:  module.transformer.h.0.mlp.c_fc.bias
Mean loss[10.277932035219035] | Mean metric[0.20125671059053196]
Freezed:  module.transformer.h.0.mlp.c_proj.weight
Stupid loss[0.0] | Naive soulution metric[0.2]
Freezed:  module.transformer.h.0.mlp.c_proj.bias
Freezed:  module.transformer.wte.weight
Freezed:  module.transformer.h.1.ln_1.weight
Freezed:  module.transformer.wpe.weight
Freezed:  module.transformer.h.1.ln_1.bias
Freezed:  module.transformer.h.0.ln_1.weight
Freezed:  module.transformer.h.1.attn.c_attn.weight
Freezed:  module.transformer.h.0.ln_1.bias
Freezed:  module.transformer.h.1.attn.c_attn.bias
Freezed:  module.transformer.h.0.attn.c_attn.weight
Freezed:  module.transformer.h.1.attn.c_proj.weight
Freezed:  module.transformer.h.0.attn.c_attn.bias
Freezed:  module.transformer.h.0.attn.c_proj.weight
Freezed:  module.transformer.h.1.attn.c_proj.bias
Freezed:  module.transformer.h.0.attn.c_proj.bias
Freezed:  module.transformer.h.1.ln_2.weight
Freezed:  module.transformer.h.0.ln_2.weight
Freezed:  module.transformer.h.1.ln_2.bias
Freezed:  module.transformer.h.0.ln_2.bias
Freezed:  module.transformer.h.1.mlp.c_fc.weight
Freezed:  module.transformer.h.0.mlp.c_fc.weight
Freezed:  module.transformer.h.1.mlp.c_fc.bias
Freezed:  module.transformer.h.0.mlp.c_fc.bias
Freezed:  module.transformer.h.1.mlp.c_proj.weight
Freezed:  module.transformer.h.0.mlp.c_proj.weight
Freezed:  module.transformer.h.1.mlp.c_proj.bias
Freezed:  module.transformer.h.0.mlp.c_proj.bias
Freezed:  module.transformer.h.2.ln_1.weight
Freezed:  module.transformer.h.1.ln_1.weight
Freezed:  module.transformer.h.2.ln_1.bias
Freezed:  module.transformer.h.1.ln_1.bias
Freezed:  module.transformer.h.2.attn.c_attn.weight
Freezed:  module.transformer.h.1.attn.c_attn.weight
Freezed:  module.transformer.h.2.attn.c_attn.bias
Freezed:  module.transformer.h.1.attn.c_attn.bias
Freezed:  module.transformer.h.2.attn.c_proj.weight
Freezed:  module.transformer.h.1.attn.c_proj.weight
Freezed:  module.transformer.h.2.attn.c_proj.bias
Freezed:  module.transformer.h.1.attn.c_proj.bias
Freezed:  module.transformer.h.2.ln_2.weight
Freezed:  module.transformer.h.1.ln_2.weight
Freezed:  module.transformer.h.2.ln_2.bias
Freezed:  module.transformer.h.2.mlp.c_fc.weight
Freezed:  module.transformer.h.1.ln_2.bias
Freezed:  module.transformer.h.2.mlp.c_fc.bias
Freezed:  module.transformer.h.1.mlp.c_fc.weight
Freezed:  module.transformer.h.2.mlp.c_proj.weight
Freezed:  module.transformer.h.1.mlp.c_fc.bias
Freezed:  module.transformer.h.2.mlp.c_proj.bias
Freezed:  module.transformer.h.1.mlp.c_proj.weight
Freezed:  module.transformer.h.3.ln_1.weight
Freezed:  module.transformer.h.1.mlp.c_proj.bias
Freezed:  module.transformer.h.3.ln_1.bias
Freezed:  module.transformer.h.2.ln_1.weight
Freezed:  module.transformer.h.3.attn.c_attn.weight
Freezed:  module.transformer.h.2.ln_1.bias
Freezed:  module.transformer.h.3.attn.c_attn.bias
Freezed:  module.transformer.h.2.attn.c_attn.weight
Freezed:  module.transformer.h.3.attn.c_proj.weight
Freezed:  module.transformer.h.2.attn.c_attn.bias
Freezed:  module.transformer.h.3.attn.c_proj.bias
Freezed:  module.transformer.h.2.attn.c_proj.weight
Freezed:  module.transformer.h.3.ln_2.weight
Freezed:  module.transformer.h.2.attn.c_proj.bias
Freezed:  module.transformer.h.2.ln_2.weight
Freezed:  module.transformer.h.3.ln_2.bias
Freezed:  module.transformer.h.2.ln_2.bias
Freezed:  module.transformer.h.3.mlp.c_fc.weight
Freezed:  module.transformer.h.2.mlp.c_fc.weight
Freezed:  module.transformer.h.3.mlp.c_fc.bias
Freezed:  module.transformer.h.2.mlp.c_fc.bias
Freezed:  module.transformer.h.3.mlp.c_proj.weight
Freezed:  module.transformer.h.2.mlp.c_proj.weight
Freezed:  module.transformer.h.3.mlp.c_proj.bias
Freezed:  module.transformer.h.2.mlp.c_proj.bias
Freezed:  module.transformer.h.4.ln_1.weight
Freezed:  module.transformer.h.3.ln_1.weight
Freezed:  module.transformer.h.4.ln_1.bias
Freezed:  module.transformer.h.3.ln_1.bias
Freezed:  module.transformer.h.4.attn.c_attn.weight
Freezed:  module.transformer.h.3.attn.c_attn.weight
Freezed:  module.transformer.h.4.attn.c_attn.bias
Freezed:  module.transformer.h.3.attn.c_attn.bias
Freezed:  module.transformer.h.4.attn.c_proj.weight
Freezed:  module.transformer.h.3.attn.c_proj.weight
Freezed:  module.transformer.h.3.attn.c_proj.bias
Freezed:  module.transformer.h.4.attn.c_proj.bias
Freezed:  module.transformer.h.3.ln_2.weight
Freezed:  module.transformer.h.4.ln_2.weight
Freezed:  module.transformer.h.3.ln_2.bias
Freezed:  module.transformer.h.4.ln_2.bias
Freezed:  module.transformer.h.3.mlp.c_fc.weight
Freezed:  module.transformer.h.4.mlp.c_fc.weight
Freezed:  module.transformer.h.3.mlp.c_fc.bias
Freezed:  module.transformer.h.4.mlp.c_fc.bias
Freezed:  module.transformer.h.3.mlp.c_proj.weight
Freezed:  module.transformer.h.4.mlp.c_proj.weight
Freezed:  module.transformer.h.3.mlp.c_proj.bias
Freezed:  module.transformer.h.4.mlp.c_proj.bias
Freezed:  module.transformer.h.4.ln_1.weight
Freezed:  module.transformer.h.5.ln_1.weight
Freezed:  module.transformer.h.4.ln_1.bias
Freezed:  module.transformer.h.5.ln_1.bias
Freezed:  module.transformer.h.4.attn.c_attn.weight
Freezed:  module.transformer.h.4.attn.c_attn.bias
Freezed:  module.transformer.h.5.attn.c_attn.weight
Freezed:  module.transformer.h.4.attn.c_proj.weight
Freezed:  module.transformer.h.5.attn.c_attn.bias
Freezed:  module.transformer.h.4.attn.c_proj.bias
Freezed:  module.transformer.h.5.attn.c_proj.weight
Freezed:  module.transformer.h.4.ln_2.weight
Freezed:  module.transformer.h.5.attn.c_proj.bias
Freezed:  module.transformer.h.4.ln_2.bias
Freezed:  module.transformer.h.5.ln_2.weight
Freezed:  module.transformer.h.4.mlp.c_fc.weight
Freezed:  module.transformer.h.5.ln_2.bias
Freezed:  module.transformer.h.4.mlp.c_fc.bias
Freezed:  module.transformer.h.5.mlp.c_fc.weight
Freezed:  module.transformer.h.4.mlp.c_proj.weight
Freezed:  module.transformer.h.5.mlp.c_fc.bias
Freezed:  module.transformer.h.4.mlp.c_proj.bias
Freezed:  module.transformer.h.5.mlp.c_proj.weight
Freezed:  module.transformer.h.5.ln_1.weight
Freezed:  module.transformer.h.5.mlp.c_proj.bias
Freezed:  module.transformer.h.5.ln_1.bias
EPOCH 0
--------------
Freezed:  module.transformer.h.5.attn.c_attn.weight
Freezed:  module.transformer.h.5.attn.c_attn.bias
Freezed:  module.transformer.h.5.attn.c_proj.weight
Freezed:  module.transformer.h.5.attn.c_proj.bias
Freezed:  module.transformer.h.5.ln_2.weight
Freezed:  module.transformer.h.5.ln_2.bias
Freezed:  module.transformer.h.5.mlp.c_fc.weight
Freezed:  module.transformer.h.5.mlp.c_fc.bias
Freezed:  module.transformer.h.5.mlp.c_proj.weight
Freezed:  module.transformer.h.5.mlp.c_proj.bias
Labels:  tensor([0, 4, 0, 3, 0, 1, 2, 1, 4, 2, 1, 1, 4, 3, 1, 3], device='cuda:1')
EPOCH 0
--------------
Preds:  tensor([3, 3, 3, 3, 3, 3, 3, 3, 3, 3, 3, 3, 3, 3, 3, 3], device='cuda:1')
Outputs:  tensor([[    0.0000,     0.0657,     0.0000,     0.9343,     0.0000],
        [    0.0000,     0.1404,     0.0000,     0.8596,     0.0000],
        [    0.0000,     0.0504,     0.0000,     0.9496,     0.0000],
        [    0.0000,     0.0880,     0.0000,     0.9120,     0.0000],
        [    0.0000,     0.1507,     0.0000,     0.8493,     0.0000],
        [    0.0000,     0.0547,     0.0000,     0.9453,     0.0000],
        [    0.0000,     0.1685,     0.0001,     0.8314,     0.0000],
        [    0.0000,     0.0914,     0.0000,     0.9085,     0.0000],
        [    0.0000,     0.0842,     0.0000,     0.9158,     0.0000],
        [    0.0000,     0.0584,     0.0000,     0.9416,     0.0000],
        [    0.0000,     0.0938,     0.0000,     0.9062,     0.0000],
        [    0.0000,     0.1452,     0.0000,     0.8548,     0.0000],
        [    0.0000,     0.1902,     0.0002,     0.8096,     0.0000],
        [    0.0000,     0.0735,     0.0000,     0.9265,     0.0000],
        [    0.0000,     0.0096,     0.0000,     0.9904,     0.0000],
        [    0.0000,     0.1168,     0.0001,     0.8831,     0.0000]],
       device='cuda:1')
Metric:  tensor(0.1875, device='cuda:1')
------------------------
Mean loss[10.382325321363204] | Mean metric[0.19832845290385553]
Stupid loss[0.0] | Naive soulution metric[0.2]
Freezed:  module.transformer.wte.weight
Freezed:  module.transformer.wpe.weight
Freezed:  module.transformer.h.0.ln_1.weight
Freezed:  module.transformer.h.0.ln_1.bias
Freezed:  module.transformer.h.0.attn.c_attn.weight
Freezed:  module.transformer.h.0.attn.c_attn.bias
Freezed:  module.transformer.h.0.attn.c_proj.weight
Freezed:  module.transformer.h.0.attn.c_proj.bias
Freezed:  module.transformer.h.0.ln_2.weight
Freezed:  module.transformer.h.0.ln_2.bias
