Node IP: 10.128.2.151
WARNING:torch.distributed.run:
*****************************************
Setting OMP_NUM_THREADS environment variable for each process to be 1 in default, to avoid your system being overloaded, please further tune the variable for optimal performance in your application as needed. 
*****************************************
INFO:torch.distributed.launcher.api:Starting elastic_operator with launch configs:
  entrypoint       : train.py
  min_nodes        : 2
  max_nodes        : 2
  nproc_per_node   : 2
  run_id           : 22019
  rdzv_backend     : c10d
  rdzv_endpoint    : 10.128.2.151:29500
  rdzv_configs     : {'timeout': 900}
  max_restarts     : 0
  monitor_interval : 5
  log_dir          : None
  metrics_cfg      : {}

WARNING:torch.distributed.run:
*****************************************
Setting OMP_NUM_THREADS environment variable for each process to be 1 in default, to avoid your system being overloaded, please further tune the variable for optimal performance in your application as needed. 
*****************************************
INFO:torch.distributed.elastic.agent.server.local_elastic_agent:log directory set to: /tmp/torchelastic_m6w2nid0/22019_h6unxfn3
INFO:torch.distributed.launcher.api:Starting elastic_operator with launch configs:
  entrypoint       : train.py
  min_nodes        : 2
  max_nodes        : 2
  nproc_per_node   : 2
  run_id           : 22019
  rdzv_backend     : c10d
  rdzv_endpoint    : 10.128.2.151:29500
  rdzv_configs     : {'timeout': 900}
  max_restarts     : 0
  monitor_interval : 5
  log_dir          : None
  metrics_cfg      : {}

INFO:torch.distributed.elastic.agent.server.api:[default] starting workers for entrypoint: python
INFO:torch.distributed.elastic.agent.server.local_elastic_agent:log directory set to: /tmp/torchelastic_8qmjeves/22019_63_l6km5
INFO:torch.distributed.elastic.agent.server.api:[default] Rendezvous'ing worker group
INFO:torch.distributed.elastic.agent.server.api:[default] starting workers for entrypoint: python
INFO:torch.distributed.elastic.agent.server.api:[default] Rendezvous complete for workers. Result:
  restart_count=0
  master_addr=gpu001.hpc
  master_port=47819
  group_rank=0
  group_world_size=2
  local_ranks=[0, 1]
  role_ranks=[0, 1]
  global_ranks=[0, 1]
  role_world_sizes=[4, 4]
  global_world_sizes=[4, 4]

INFO:torch.distributed.elastic.agent.server.api:[default] Rendezvous'ing worker group
INFO:torch.distributed.elastic.agent.server.api:[default] Starting worker group
INFO:torch.distributed.elastic.agent.server.api:[default] Rendezvous complete for workers. Result:
  restart_count=0
  master_addr=gpu001.hpc
  master_port=47819
  group_rank=1
  group_world_size=2
  local_ranks=[0, 1]
  role_ranks=[2, 3]
  global_ranks=[2, 3]
  role_world_sizes=[4, 4]
  global_world_sizes=[4, 4]

INFO:torch.distributed.elastic.agent.server.local_elastic_agent:Environment variable 'TORCHELASTIC_ENABLE_FILE_TIMER' not found. Do not start FileTimerServer.
INFO:torch.distributed.elastic.agent.server.api:[default] Starting worker group
INFO:torch.distributed.elastic.multiprocessing:Setting worker0 reply file to: /tmp/torchelastic_m6w2nid0/22019_h6unxfn3/attempt_0/0/error.json
INFO:torch.distributed.elastic.agent.server.local_elastic_agent:Environment variable 'TORCHELASTIC_ENABLE_FILE_TIMER' not found. Do not start FileTimerServer.
INFO:torch.distributed.elastic.multiprocessing:Setting worker1 reply file to: /tmp/torchelastic_m6w2nid0/22019_h6unxfn3/attempt_0/1/error.json
INFO:torch.distributed.elastic.multiprocessing:Setting worker0 reply file to: /tmp/torchelastic_8qmjeves/22019_63_l6km5/attempt_0/0/error.json
INFO:torch.distributed.elastic.multiprocessing:Setting worker1 reply file to: /tmp/torchelastic_8qmjeves/22019_63_l6km5/attempt_0/1/error.json
/u/dssc/msanna00/.conda/envs/deeplearning3/lib/python3.7/site-packages/torch/cuda/__init__.py:497: UserWarning: Can't initialize NVML
  warnings.warn("Can't initialize NVML")
/u/dssc/msanna00/.conda/envs/deeplearning3/lib/python3.7/site-packages/torch/cuda/__init__.py:497: UserWarning: Can't initialize NVML
  warnings.warn("Can't initialize NVML")
PORT:  47819
WORLD SIZE:  4
MASTER NODE:  gpu001.hpc
My slurm id is:  0
PORT: My rank is:  1
 47819
WORLD SIZE:  4
MASTER NODE:  gpu001.hpc
PORT:  47819
WORLD SIZE:  4
MASTER NODE:  gpu001.hpc
My slurm id is:  0
My slurm id is:  1
My rank is:  3
My rank is:  0
PORT:  47819
WORLD SIZE:  4
MASTER NODE:  gpu001.hpc
My slurm id is:  1
My rank is:  2
Some weights of GPT2ForSequenceClassification were not initialized from the model checkpoint at gpt2 and are newly initialized: ['score.weight']
You should probably TRAIN this model on a down-stream task to be able to use it for predictions and inference.
Some weights of GPT2ForSequenceClassification were not initialized from the model checkpoint at gpt2 and are newly initialized: ['score.weight']
You should probably TRAIN this model on a down-stream task to be able to use it for predictions and inference.
Some weights of GPT2ForSequenceClassification were not initialized from the model checkpoint at gpt2 and are newly initialized: ['score.weight']
You should probably TRAIN this model on a down-stream task to be able to use it for predictions and inference.
------------------------

Some weights of GPT2ForSequenceClassification were not initialized from the model checkpoint at gpt2 and are newly initialized: ['score.weight']
You should probably TRAIN this model on a down-stream task to be able to use it for predictions and inference.
------------------------

------------------------

------------------------

I'm process 1 using GPU 1
I'm process 3 using GPU 1I'm process 2 using GPU 0

I'm process 0 using GPU 0
Labels:  tensor([0, 4, 2, 3, 0, 1, 2, 2, 3, 2, 2, 4, 4, 1, 1, 2], device='cuda:1')
Preds:  tensor([1, 4, 1, 1, 1, 1, 1, 1, 1, 1, 1, 1, 1, 1, 1, 1], device='cuda:1')
Outputs:  tensor([[    0.0429,     0.9352,     0.0184,     0.0016,     0.0019],
        [    0.1042,     0.0021,     0.0119,     0.0091,     0.8727],
        [    0.0090,     0.9858,     0.0048,     0.0003,     0.0001],
        [    0.0111,     0.9841,     0.0044,     0.0004,     0.0000],
        [    0.0197,     0.9741,     0.0054,     0.0007,     0.0001],
        [    0.0191,     0.9713,     0.0086,     0.0007,     0.0002],
        [    0.0205,     0.9763,     0.0028,     0.0003,     0.0001],
        [    0.0286,     0.9580,     0.0119,     0.0009,     0.0005],
        [    0.0087,     0.9852,     0.0058,     0.0002,     0.0001],
        [    0.0134,     0.9797,     0.0064,     0.0004,     0.0001],
        [    0.0076,     0.9892,     0.0030,     0.0002,     0.0000],
        [    0.0144,     0.9730,     0.0114,     0.0007,     0.0004],
        [    0.0442,     0.9377,     0.0149,     0.0022,     0.0009],
        [    0.0083,     0.9872,     0.0043,     0.0002,     0.0000],
        [    0.0432,     0.9391,     0.0160,     0.0009,     0.0009],
        [    0.0114,     0.9845,     0.0036,     0.0004,     0.0000]],
       device='cuda:1')
Labels:  tensor([3, 0, 0, 1, 0, 3, 0, 0, 3, 1, 4, 4, 4, 1, 2, 0], device='cuda:1')
Metric:  tensor(0.2500, device='cuda:1')
Preds:  tensor([1, 1, 1, 1, 1, 1, 1, 1, 1, 1, 1, 1, 1, 1, 1, 1], device='cuda:1')
------------------------
Outputs:  tensor([[    0.1481,     0.7587,     0.0667,     0.0126,     0.0138],
        [    0.0031,     0.9958,     0.0009,     0.0001,     0.0000],
        [    0.0107,     0.9867,     0.0024,     0.0002,     0.0000],
        [    0.1162,     0.8359,     0.0341,     0.0058,     0.0080],
        [    0.0206,     0.9696,     0.0090,     0.0007,     0.0001],
        [    0.0446,     0.9414,     0.0121,     0.0006,     0.0012],
        [    0.0340,     0.9495,     0.0144,     0.0014,     0.0008],
        [    0.0515,     0.9212,     0.0226,     0.0029,     0.0019],
        [    0.0176,     0.9703,     0.0115,     0.0004,     0.0002],
        [    0.0113,     0.9853,     0.0031,     0.0003,     0.0000],
        [    0.0140,     0.9811,     0.0046,     0.0003,     0.0000],
        [    0.0288,     0.9519,     0.0170,     0.0017,     0.0006],
        [    0.0310,     0.9535,     0.0139,     0.0015,     0.0002],
        [    0.0068,     0.9895,     0.0034,     0.0003,     0.0000],
Labels:  tensor([2, 2, 1, 1, 1, 4, 4, 4, 3, 2, 0, 3, 3, 4, 0, 3], device='cuda:0')
        [    0.0258,     0.9645,     0.0084,     0.0010,     0.0003],
        [    0.0401,     0.9428,     0.0137,     0.0026,     0.0007]],
       device='cuda:1')
Preds:  tensor([1, 1, 1, 1, 1, 1, 1, 1, 1, 1, 1, 1, 1, 1, 1, 1], device='cuda:0')
Metric:  tensor(0.1875, device='cuda:1')
Outputs:  tensor([[    0.0249,     0.9645,     0.0094,     0.0009,     0.0001],
        [    0.0040,     0.9937,     0.0022,     0.0001,     0.0000],
        [    0.0152,     0.9767,     0.0076,     0.0004,     0.0001],
        [    0.0219,     0.9676,     0.0096,     0.0006,     0.0002],
        [    0.0194,     0.9749,     0.0050,     0.0006,     0.0001],
        [    0.0172,     0.9722,     0.0097,     0.0008,     0.0000],
        [    0.0733,     0.8706,     0.0452,     0.0029,     0.0080],
        [    0.0704,     0.8998,     0.0238,     0.0044,     0.0017],
        [    0.0563,     0.9084,     0.0309,     0.0023,     0.0020],
        [    0.0522,     0.9310,     0.0138,     0.0021,     0.0008],
        [    0.0821,     0.8773,     0.0319,     0.0045,     0.0042],
        [    0.0194,     0.9670,     0.0124,     0.0009,     0.0003],
        [    0.0576,     0.9109,     0.0250,     0.0058,     0.0007],
        [    0.0457,     0.9383,     0.0135,     0.0017,     0.0007],
------------------------
        [    0.0042,     0.9942,     0.0015,     0.0001,     0.0000],
        [    0.1436,     0.7706,     0.0641,     0.0102,     0.0115]],
       device='cuda:0')
Labels:  tensor([3, 1, 1, 4, 0, 2, 4, 1, 3, 0, 2, 3, 2, 2, 4, 4], device='cuda:0')
Metric:  tensor(0.1875, device='cuda:0')
Preds:  tensor([1, 1, 1, 1, 1, 1, 1, 1, 1, 1, 1, 1, 1, 1, 1, 1], device='cuda:0')
------------------------
Outputs:  tensor([[    0.0368,     0.9384,     0.0226,     0.0014,     0.0007],
        [    0.0087,     0.9894,     0.0017,     0.0001,     0.0000],
        [    0.0269,     0.9642,     0.0074,     0.0013,     0.0001],
        [    0.0525,     0.9171,     0.0250,     0.0041,     0.0013],
        [    0.0259,     0.9595,     0.0134,     0.0009,     0.0003],
        [    0.0420,     0.9327,     0.0221,     0.0023,     0.0009],
        [    0.0721,     0.9017,     0.0216,     0.0028,     0.0018],
        [    0.0513,     0.9217,     0.0222,     0.0030,     0.0018],
        [    0.0084,     0.9870,     0.0044,     0.0002,     0.0000],
        [    0.0105,     0.9845,     0.0047,     0.0003,     0.0000],
        [    0.1146,     0.8404,     0.0396,     0.0027,     0.0026],
        [    0.0085,     0.9878,     0.0035,     0.0003,     0.0000],
        [    0.0149,     0.9761,     0.0084,     0.0005,     0.0001],
        [    0.0105,     0.9849,     0.0042,     0.0004,     0.0000],
        [    0.0497,     0.9239,     0.0235,     0.0019,     0.0011],
        [    0.0100,     0.9858,     0.0039,     0.0002,     0.0000]],
       device='cuda:0')
Metric:  tensor(0.1875, device='cuda:0')
------------------------
Labels:  tensor([2, 0, 4, 4, 4, 0, 0, 2, 4, 0, 4, 0, 0, 0, 1, 2], device='cuda:1')
Preds:  tensor([1, 1, 1, 1, 1, 1, 1, 1, 1, 1, 1, 1, 1, 1, 1, 1], device='cuda:1')
Outputs:  tensor([[    0.0152,     0.9789,     0.0054,     0.0004,     0.0001],
        [    0.0120,     0.9827,     0.0048,     0.0005,     0.0000],
        [    0.0106,     0.9849,     0.0042,     0.0002,     0.0001],
        [    0.0322,     0.9466,     0.0190,     0.0016,     0.0006],
        [    0.0616,     0.9119,     0.0224,     0.0030,     0.0011],
        [    0.0121,     0.9827,     0.0044,     0.0007,     0.0002],
        [    0.0509,     0.9245,     0.0208,     0.0027,     0.0011],
        [    0.0366,     0.9480,     0.0134,     0.0014,     0.0006],
        [    0.0246,     0.9606,     0.0137,     0.0009,     0.0003],
        [    0.0112,     0.9841,     0.0041,     0.0005,     0.0000],
        [    0.0814,     0.8578,     0.0447,     0.0116,     0.0044],
        [    0.0115,     0.9824,     0.0055,     0.0005,     0.0000],
        [    0.0131,     0.9804,     0.0058,     0.0006,     0.0001],
        [    0.0034,     0.9952,     0.0013,     0.0000,     0.0000],
        [    0.2019,     0.6729,     0.0785,     0.0182,     0.0285],
        [    0.0324,     0.9503,     0.0149,     0.0013,     0.0012]],
       device='cuda:1')
Metric:  tensor(0.0625, device='cuda:1')
Labels:  tensor([0, 1, 4, 2, 3, 2, 1, 0, 2, 2, 2, 0, 2, 4, 3, 4], device='cuda:0')
------------------------
Preds:  tensor([1, 1, 1, 1, 1, 1, 1, 1, 1, 1, 1, 1, 1, 1, 1, 1], device='cuda:0')
Labels:  tensor([1, 1, 1, 1, 2, 1, 0, 0, 4, 4, 2, 1, 3, 0, 0, 1], device='cuda:0')
Outputs:  tensor([[    0.0649,     0.8916,     0.0362,     0.0037,     0.0037],
        [    0.0157,     0.9753,     0.0084,     0.0005,     0.0001],
        [    0.0315,     0.9509,     0.0153,     0.0018,     0.0005],
        [    0.0769,     0.8809,     0.0347,     0.0041,     0.0035],
        [    0.0046,     0.9935,     0.0018,     0.0001,     0.0000],
        [    0.0044,     0.9939,     0.0015,     0.0001,     0.0000],
        [    0.0130,     0.9766,     0.0097,     0.0006,     0.0001],
        [    0.0078,     0.9904,     0.0017,     0.0001,     0.0000],
        [    0.0076,     0.9894,     0.0028,     0.0002,     0.0000],
        [    0.0262,     0.9570,     0.0155,     0.0011,     0.0002],
        [    0.0230,     0.9661,     0.0099,     0.0008,     0.0003],
        [    0.0339,     0.9444,     0.0185,     0.0013,     0.0019],
        [    0.0529,     0.9236,     0.0201,     0.0027,     0.0007],
        [    0.0450,     0.9401,     0.0124,     0.0019,     0.0006],
Preds:  tensor([1, 1, 1, 1, 1, 1, 1, 1, 1, 1, 1, 1, 1, 1, 1, 1], device='cuda:0')
        [    0.0058,     0.9919,     0.0022,     0.0001,     0.0000],
        [    0.0952,     0.8769,     0.0223,     0.0036,     0.0020]],
       device='cuda:0')
Outputs:  tensor([[    0.0380,     0.9572,     0.0040,     0.0005,     0.0003],
        [    0.0386,     0.9432,     0.0159,     0.0011,     0.0011],
        [    0.0491,     0.9297,     0.0176,     0.0027,     0.0008],
        [    0.0095,     0.9846,     0.0055,     0.0003,     0.0000],
        [    0.0920,     0.8641,     0.0330,     0.0054,     0.0054],
        [    0.0032,     0.9953,     0.0014,     0.0001,     0.0000],
        [    0.0680,     0.8927,     0.0289,     0.0075,     0.0029],
        [    0.0270,     0.9641,     0.0081,     0.0005,     0.0003],
        [    0.0252,     0.9648,     0.0090,     0.0008,     0.0002],
        [    0.0257,     0.9670,     0.0063,     0.0010,     0.0001],
        [    0.0081,     0.9861,     0.0055,     0.0003,     0.0000],
        [    0.0122,     0.9844,     0.0031,     0.0003,     0.0001],
        [    0.0166,     0.9760,     0.0068,     0.0005,     0.0001],
        [    0.0185,     0.9734,     0.0073,     0.0007,     0.0002],
Metric:  tensor(0.1250, device='cuda:0')
        [    0.0119,     0.9816,     0.0060,     0.0003,     0.0002],
        [    0.0261,     0.9645,     0.0081,     0.0010,     0.0004]],
       device='cuda:0')
------------------------
Metric:  tensor(0.4375, device='cuda:0')
Labels:  tensor([3, 2, 3, 1, 3, 4, 3, 0, 3, 1, 1, 0, 0, 3, 2, 0], device='cuda:1')
------------------------
Preds:  tensor([1, 1, 1, 1, 1, 1, 1, 1, 1, 1, 1, 1, 1, 1, 0, 1], device='cuda:1')
Outputs:  tensor([[    0.0112,     0.9819,     0.0065,     0.0004,     0.0000],
        [    0.0452,     0.9357,     0.0161,     0.0022,     0.0007],
        [    0.0142,     0.9797,     0.0057,     0.0004,     0.0001],
        [    0.0140,     0.9783,     0.0071,     0.0004,     0.0002],
        [    0.0779,     0.8842,     0.0297,     0.0045,     0.0037],
        [    0.0543,     0.9159,     0.0237,     0.0056,     0.0005],
        [    0.0195,     0.9725,     0.0072,     0.0007,     0.0001],
        [    0.0136,     0.9782,     0.0076,     0.0004,     0.0001],
        [    0.1207,     0.8013,     0.0600,     0.0126,     0.0054],
        [    0.0064,     0.9911,     0.0024,     0.0001,     0.0000],
        [    0.0185,     0.9757,     0.0052,     0.0006,     0.0001],
        [    0.0444,     0.9333,     0.0178,     0.0034,     0.0011],
        [    0.0225,     0.9696,     0.0070,     0.0006,     0.0004],
        [    0.0085,     0.9881,     0.0032,     0.0002,     0.0000],
        [    0.4016,     0.3652,     0.0694,     0.0457,     0.1181],
        [    0.0037,     0.9946,     0.0016,     0.0001,     0.0000]],
       device='cuda:1')
Metric:  tensor(0.1875, device='cuda:1')
------------------------
Labels:  tensor([2, 3, 4, 0, 1, 3, 4, 3, 4, 2, 1, 0, 4, 4, 4, 4], device='cuda:1')
Preds:  tensor([1, 1, 1, 1, 1, 1, 1, 1, 1, 1, 1, 1, 1, 1, 1, 1], device='cuda:1')
Outputs:  tensor([[    0.0233,     0.9655,     0.0096,     0.0014,     0.0002],
        [    0.1082,     0.8455,     0.0344,     0.0063,     0.0056],
        [    0.1782,     0.6773,     0.1022,     0.0204,     0.0219],
        [    0.0081,     0.9870,     0.0047,     0.0002,     0.0000],
        [    0.0107,     0.9842,     0.0046,     0.0004,     0.0000],
        [    0.0082,     0.9884,     0.0032,     0.0002,     0.0000],
        [    0.0062,     0.9901,     0.0034,     0.0002,     0.0000],
        [    0.0211,     0.9676,     0.0103,     0.0008,     0.0002],
        [    0.0511,     0.9149,     0.0269,     0.0048,     0.0023],
        [    0.0451,     0.9274,     0.0241,     0.0021,     0.0013],
        [    0.0258,     0.9650,     0.0079,     0.0013,     0.0001],
        [    0.0247,     0.9644,     0.0096,     0.0009,     0.0004],
        [    0.0282,     0.9558,     0.0140,     0.0018,     0.0003],
        [    0.0149,     0.9785,     0.0059,     0.0005,     0.0001],
        [    0.0068,     0.9898,     0.0033,     0.0001,     0.0000],
        [    0.0189,     0.9747,     0.0058,     0.0006,     0.0001]],
       device='cuda:1')
Metric:  tensor(0.1250, device='cuda:1')
Labels:  tensor([3, 3, 3, 2, 1, 3, 1, 1, 2, 2, 0, 3, 3, 4, 4, 2], device='cuda:0')
------------------------
Preds:  tensor([1, 1, 1, 1, 1, 1, 1, 1, 0, 1, 1, 1, 1, 1, 1, 1], device='cuda:0')
Labels:  tensor([4, 0, 4, 0, 4, 1, 1, 3, 0, 4, 4, 3, 0, 2, 3, 0], device='cuda:0')
Outputs:  tensor([[    0.0228,     0.9622,     0.0139,     0.0007,     0.0004],
        [    0.0146,     0.9769,     0.0079,     0.0005,     0.0002],
        [    0.0461,     0.9231,     0.0265,     0.0021,     0.0023],
        [    0.0085,     0.9848,     0.0063,     0.0003,     0.0001],
        [    0.0278,     0.9644,     0.0065,     0.0011,     0.0002],
        [    0.0070,     0.9905,     0.0023,     0.0002,     0.0000],
        [    0.0128,     0.9797,     0.0069,     0.0004,     0.0002],
        [    0.0545,     0.9135,     0.0262,     0.0028,     0.0030],
        [    0.4740,     0.3468,     0.0627,     0.0241,     0.0924],
        [    0.0508,     0.9322,     0.0157,     0.0008,     0.0005],
        [    0.0357,     0.9539,     0.0092,     0.0005,     0.0007],
        [    0.0187,     0.9745,     0.0062,     0.0005,     0.0001],
        [    0.0555,     0.9075,     0.0327,     0.0023,     0.0019],
        [    0.0192,     0.9723,     0.0075,     0.0008,     0.0001],
Preds:  tensor([1, 1, 1, 1, 1, 1, 1, 1, 1, 1, 1, 1, 1, 1, 1, 1], device='cuda:0')
        [    0.0472,     0.9239,     0.0265,     0.0018,     0.0006],
        [    0.0079,     0.9894,     0.0025,     0.0002,     0.0000]],
       device='cuda:0')
Outputs:  tensor([[    0.0409,     0.9449,     0.0125,     0.0013,     0.0004],
        [    0.0422,     0.9246,     0.0286,     0.0026,     0.0020],
        [    0.0354,     0.9484,     0.0135,     0.0022,     0.0005],
        [    0.0118,     0.9829,     0.0048,     0.0003,     0.0001],
        [    0.0207,     0.9707,     0.0077,     0.0008,     0.0001],
        [    0.0339,     0.9544,     0.0100,     0.0007,     0.0010],
        [    0.0399,     0.9463,     0.0114,     0.0020,     0.0003],
        [    0.0896,     0.8626,     0.0374,     0.0091,     0.0013],
        [    0.0072,     0.9901,     0.0025,     0.0002,     0.0000],
        [    0.0219,     0.9657,     0.0116,     0.0006,     0.0003],
        [    0.0160,     0.9782,     0.0054,     0.0004,     0.0001],
        [    0.0043,     0.9936,     0.0020,     0.0002,     0.0000],
        [    0.0456,     0.9219,     0.0280,     0.0030,     0.0015],
        [    0.0104,     0.9832,     0.0061,     0.0003,     0.0001],
Metric:  tensor(0.1875, device='cuda:0')
        [    0.0409,     0.9428,     0.0138,     0.0019,     0.0005],
        [    0.0066,     0.9895,     0.0034,     0.0004,     0.0000]],
       device='cuda:0')
------------------------
Metric:  tensor(0.1250, device='cuda:0')
Labels:  tensor([3, 2, 3, 2, 3, 0, 2, 4, 1, 1, 1, 1, 0, 0, 0, 0], device='cuda:1')
------------------------
Preds:  tensor([1, 1, 1, 1, 1, 1, 1, 1, 1, 1, 1, 4, 1, 1, 1, 1], device='cuda:1')
Outputs:  tensor([[    0.0121,     0.9822,     0.0051,     0.0005,     0.0001],
        [    0.0143,     0.9780,     0.0070,     0.0005,     0.0002],
        [    0.0631,     0.8952,     0.0349,     0.0037,     0.0030],
        [    0.0151,     0.9773,     0.0072,     0.0004,     0.0001],
        [    0.0082,     0.9885,     0.0031,     0.0002,     0.0000],
        [    0.0121,     0.9818,     0.0057,     0.0002,     0.0002],
        [    0.0321,     0.9565,     0.0095,     0.0014,     0.0005],
        [    0.1732,     0.7577,     0.0515,     0.0133,     0.0043],
        [    0.0507,     0.9180,     0.0262,     0.0025,     0.0025],
        [    0.0092,     0.9864,     0.0042,     0.0002,     0.0000],
        [    0.0146,     0.9771,     0.0078,     0.0004,     0.0001],
        [    0.0080,     0.0000,     0.0016,     0.0034,     0.9870],
        [    0.1415,     0.7811,     0.0584,     0.0095,     0.0094],
        [    0.0230,     0.9704,     0.0057,     0.0009,     0.0001],
        [    0.0640,     0.8936,     0.0368,     0.0040,     0.0016],
        [    0.0426,     0.9265,     0.0250,     0.0048,     0.0010]],
       device='cuda:1')
Metric:  tensor(0.1875, device='cuda:1')
------------------------
Labels:  tensor([4, 4, 4, 2, 3, 2, 4, 1, 2, 1, 1, 2, 0, 1, 0, 1], device='cuda:1')
Preds:  tensor([1, 1, 1, 1, 1, 1, 1, 1, 1, 1, 1, 1, 1, 1, 1, 1], device='cuda:1')
Outputs:  tensor([[    0.0443,     0.9364,     0.0165,     0.0021,     0.0007],
        [    0.0101,     0.9840,     0.0054,     0.0005,     0.0000],
        [    0.0420,     0.9310,     0.0237,     0.0024,     0.0008],
        [    0.0425,     0.9282,     0.0266,     0.0026,     0.0001],
        [    0.0589,     0.9058,     0.0308,     0.0023,     0.0023],
        [    0.0074,     0.9876,     0.0047,     0.0003,     0.0000],
        [    0.1357,     0.7845,     0.0566,     0.0078,     0.0153],
        [    0.0029,     0.9959,     0.0011,     0.0001,     0.0000],
        [    0.0519,     0.9132,     0.0294,     0.0030,     0.0024],
        [    0.0191,     0.9705,     0.0092,     0.0009,     0.0003],
        [    0.0160,     0.9736,     0.0096,     0.0006,     0.0002],
        [    0.0170,     0.9729,     0.0092,     0.0007,     0.0002],
        [    0.0427,     0.9458,     0.0093,     0.0016,     0.0007],
        [    0.0217,     0.9697,     0.0074,     0.0006,     0.0006],
        [    0.1342,     0.7992,     0.0482,     0.0111,     0.0073],
        [    0.0569,     0.9280,     0.0124,     0.0021,     0.0006]],
       device='cuda:1')
Metric:  tensor(0.3125, device='cuda:1')
Labels:  tensor([4, 1, 1, 0, 0, 1, 2, 4, 2, 4, 4, 1, 0, 1, 2, 1], device='cuda:0')
------------------------
Preds:  tensor([1, 1, 1, 1, 1, 1, 1, 1, 1, 1, 1, 1, 1, 1, 1, 1], device='cuda:0')
Labels:  tensor([2, 0, 1, 3, 4, 2, 0, 0, 2, 1, 0, 1, 1, 2, 3, 4], device='cuda:0')
Outputs:  tensor([[    0.0487,     0.9262,     0.0223,     0.0014,     0.0013],
        [    0.0578,     0.9144,     0.0220,     0.0042,     0.0016],
        [    0.0527,     0.9333,     0.0111,     0.0018,     0.0012],
        [    0.0199,     0.9713,     0.0078,     0.0009,     0.0001],
        [    0.0089,     0.9882,     0.0027,     0.0002,     0.0000],
        [    0.1000,     0.8464,     0.0417,     0.0068,     0.0050],
        [    0.0464,     0.9401,     0.0109,     0.0020,     0.0006],
        [    0.0585,     0.8909,     0.0419,     0.0048,     0.0040],
        [    0.0350,     0.9458,     0.0172,     0.0014,     0.0006],
        [    0.0178,     0.9735,     0.0081,     0.0004,     0.0001],
        [    0.0307,     0.9576,     0.0089,     0.0021,     0.0007],
        [    0.0085,     0.9890,     0.0023,     0.0001,     0.0000],
        [    0.0735,     0.8749,     0.0419,     0.0056,     0.0041],
        [    0.0348,     0.9386,     0.0236,     0.0021,     0.0010],
Preds:  tensor([1, 1, 1, 1, 1, 1, 1, 1, 1, 1, 1, 1, 1, 1, 1, 1], device='cuda:0')
        [    0.0301,     0.9560,     0.0113,     0.0021,     0.0005],
        [    0.0271,     0.9525,     0.0184,     0.0019,     0.0001]],
       device='cuda:0')
Outputs:  tensor([[    0.0119,     0.9827,     0.0049,     0.0005,     0.0000],
        [    0.0040,     0.9935,     0.0023,     0.0001,     0.0000],
        [    0.0852,     0.8491,     0.0504,     0.0051,     0.0102],
        [    0.1071,     0.8392,     0.0431,     0.0071,     0.0036],
        [    0.0036,     0.9943,     0.0020,     0.0001,     0.0000],
        [    0.0523,     0.9077,     0.0342,     0.0025,     0.0032],
        [    0.0115,     0.9836,     0.0044,     0.0003,     0.0000],
        [    0.0088,     0.9885,     0.0026,     0.0002,     0.0000],
        [    0.0330,     0.9517,     0.0133,     0.0013,     0.0008],
        [    0.0050,     0.9930,     0.0019,     0.0001,     0.0000],
        [    0.0102,     0.9887,     0.0010,     0.0001,     0.0000],
        [    0.0101,     0.9863,     0.0032,     0.0003,     0.0000],
        [    0.0107,     0.9819,     0.0067,     0.0006,     0.0001],
        [    0.0223,     0.9670,     0.0097,     0.0008,     0.0002],
Metric:  tensor(0.3750, device='cuda:0')
        [    0.0543,     0.9146,     0.0252,     0.0044,     0.0016],
        [    0.0487,     0.9369,     0.0131,     0.0010,     0.0003]],
       device='cuda:0')
------------------------
Metric:  tensor(0.2500, device='cuda:0')
Labels:  tensor([1, 1, 2, 1, 1, 4, 1, 4, 4, 1, 3, 2, 4, 3, 3, 4], device='cuda:1')
------------------------
Preds:  tensor([1, 1, 1, 1, 1, 1, 1, 1, 1, 1, 1, 1, 1, 1, 1, 1], device='cuda:1')
Outputs:  tensor([[    0.0224,     0.9646,     0.0117,     0.0010,     0.0004],
        [    0.0390,     0.9384,     0.0191,     0.0018,     0.0018],
        [    0.0124,     0.9818,     0.0052,     0.0004,     0.0001],
        [    0.0086,     0.9852,     0.0059,     0.0003,     0.0001],
        [    0.0218,     0.9676,     0.0094,     0.0010,     0.0002],
        [    0.0380,     0.9442,     0.0157,     0.0009,     0.0012],
        [    0.0227,     0.9680,     0.0081,     0.0011,     0.0002],
        [    0.0455,     0.9307,     0.0203,     0.0010,     0.0025],
        [    0.0659,     0.9004,     0.0266,     0.0031,     0.0040],
        [    0.0577,     0.9123,     0.0241,     0.0042,     0.0017],
        [    0.0835,     0.8679,     0.0388,     0.0057,     0.0041],
        [    0.0371,     0.9510,     0.0101,     0.0012,     0.0006],
        [    0.0160,     0.9740,     0.0093,     0.0005,     0.0003],
        [    0.0217,     0.9633,     0.0142,     0.0006,     0.0002],
        [    0.0421,     0.9343,     0.0200,     0.0029,     0.0007],
        [    0.0634,     0.9151,     0.0182,     0.0027,     0.0007]],
       device='cuda:1')
Metric:  tensor(0.3750, device='cuda:1')
------------------------
Labels:  tensor([4, 4, 2, 0, 0, 4, 4, 1, 4, 2, 0, 1, 1, 2, 2, 1], device='cuda:1')
Preds:  tensor([1, 1, 1, 1, 1, 1, 1, 1, 1, 1, 1, 1, 1, 1, 1, 1], device='cuda:1')
Outputs:  tensor([[    0.0222,     0.9672,     0.0094,     0.0010,     0.0002],
        [    0.1335,     0.8246,     0.0307,     0.0024,     0.0088],
        [    0.0100,     0.9826,     0.0070,     0.0003,     0.0001],
        [    0.0144,     0.9793,     0.0056,     0.0006,     0.0001],
        [    0.0167,     0.9781,     0.0049,     0.0003,     0.0000],
        [    0.1158,     0.8037,     0.0659,     0.0077,     0.0069],
        [    0.0325,     0.9538,     0.0112,     0.0022,     0.0003],
        [    0.0509,     0.9270,     0.0175,     0.0031,     0.0015],
        [    0.0328,     0.9484,     0.0171,     0.0013,     0.0004],
        [    0.0483,     0.9259,     0.0219,     0.0027,     0.0011],
        [    0.1272,     0.7950,     0.0566,     0.0112,     0.0101],
        [    0.0180,     0.9718,     0.0095,     0.0006,     0.0002],
        [    0.0293,     0.9497,     0.0192,     0.0014,     0.0003],
        [    0.0300,     0.9558,     0.0129,     0.0010,     0.0002],
        [    0.0111,     0.9794,     0.0089,     0.0004,     0.0001],
        [    0.0124,     0.9825,     0.0046,     0.0004,     0.0000]],
       device='cuda:1')
Metric:  tensor(0.2500, device='cuda:1')
Labels:  tensor([1, 1, 2, 4, 2, 4, 0, 2, 3, 2, 0, 1, 1, 3, 2, 0], device='cuda:0')
------------------------
Preds:  tensor([1, 1, 1, 1, 1, 1, 1, 1, 1, 1, 1, 1, 1, 1, 1, 1], device='cuda:0')
Mean loss[4.5384221063002315] | Mean metric[0.19893850658857978]
Outputs:  tensor([[    0.0099,     0.9848,     0.0050,     0.0003,     0.0000],
        [    0.0077,     0.9902,     0.0019,     0.0002,     0.0000],
        [    0.1055,     0.8275,     0.0533,     0.0041,     0.0095],
        [    0.0312,     0.9460,     0.0201,     0.0021,     0.0007],
        [    0.0415,     0.9375,     0.0178,     0.0019,     0.0013],
        [    0.0462,     0.9307,     0.0196,     0.0029,     0.0005],
        [    0.0217,     0.9666,     0.0108,     0.0007,     0.0003],
        [    0.0327,     0.9506,     0.0141,     0.0022,     0.0004],
        [    0.0714,     0.8968,     0.0249,     0.0049,     0.0020],
        [    0.0072,     0.9880,     0.0045,     0.0002,     0.0000],
        [    0.0358,     0.9498,     0.0121,     0.0016,     0.0008],
        [    0.0292,     0.9629,     0.0059,     0.0016,     0.0004],
        [    0.0324,     0.9465,     0.0166,     0.0038,     0.0006],
        [    0.0084,     0.9857,     0.0056,     0.0002,     0.0000],
Stupid loss[0.0] | Naive soulution metric[0.2]
        [    0.0273,     0.9666,     0.0052,     0.0007,     0.0001],
        [    0.0217,     0.9691,     0.0084,     0.0005,     0.0004]],
       device='cuda:0')
Freezed:  module.transformer.wte.weight
Metric:  tensor(0.2500, device='cuda:0')
Freezed:  module.transformer.wpe.weight
------------------------
Freezed:  module.transformer.h.0.ln_1.weight
Mean loss[4.500583943534095] | Mean metric[0.2005856515373353]
Freezed:  module.transformer.h.0.ln_1.bias
Stupid loss[0.0] | Naive soulution metric[0.2]
Freezed:  module.transformer.h.0.attn.c_attn.weight
Freezed:  module.transformer.wte.weight
Freezed:  module.transformer.h.0.attn.c_attn.bias
Freezed:  module.transformer.wpe.weight
Freezed:  module.transformer.h.0.attn.c_proj.weight
Freezed:  module.transformer.h.0.ln_1.weight
Freezed:  module.transformer.h.0.attn.c_proj.bias
Freezed:  module.transformer.h.0.ln_1.bias
Freezed:  module.transformer.h.0.ln_2.weight
Freezed:  module.transformer.h.0.ln_2.bias
Freezed:  module.transformer.h.0.attn.c_attn.weight
Freezed:  module.transformer.h.0.mlp.c_fc.weight
Freezed:  module.transformer.h.0.mlp.c_fc.bias
Freezed:  module.transformer.h.0.attn.c_attn.bias
Freezed:  module.transformer.h.0.attn.c_proj.weight
Freezed:  module.transformer.h.0.mlp.c_proj.weight
Freezed:  module.transformer.h.0.attn.c_proj.bias
Freezed:  module.transformer.h.0.mlp.c_proj.bias
Freezed:  module.transformer.h.0.ln_2.weight
Freezed:  module.transformer.h.1.ln_1.weight
Freezed:  module.transformer.h.0.ln_2.bias
Freezed:  module.transformer.h.1.ln_1.bias
Freezed:  module.transformer.h.0.mlp.c_fc.weight
Freezed:  module.transformer.h.1.attn.c_attn.weight
Freezed:  module.transformer.h.0.mlp.c_fc.bias
Freezed:  module.transformer.h.1.attn.c_attn.bias
Freezed:  module.transformer.h.0.mlp.c_proj.weight
Freezed:  module.transformer.h.1.attn.c_proj.weight
Freezed:  module.transformer.h.0.mlp.c_proj.bias
Freezed:  module.transformer.h.1.attn.c_proj.bias
Freezed:  module.transformer.h.1.ln_1.weight
Freezed:  module.transformer.h.1.ln_2.weight
Freezed:  module.transformer.h.1.ln_2.bias
Freezed:  module.transformer.h.1.ln_1.bias
Freezed:  module.transformer.h.1.mlp.c_fc.weight
Freezed:  module.transformer.h.1.attn.c_attn.weight
Freezed:  module.transformer.h.1.mlp.c_fc.bias
Freezed:  module.transformer.h.1.attn.c_attn.bias
Freezed:  module.transformer.h.1.mlp.c_proj.weight
Freezed:  module.transformer.h.1.attn.c_proj.weight
Freezed:  module.transformer.h.1.mlp.c_proj.bias
Freezed:  module.transformer.h.1.attn.c_proj.bias
Freezed:  module.transformer.h.2.ln_1.weight
Freezed:  module.transformer.h.1.ln_2.weight
Freezed:  module.transformer.h.2.ln_1.bias
Freezed:  module.transformer.h.1.ln_2.bias
Freezed:  module.transformer.h.2.attn.c_attn.weight
Freezed:  module.transformer.h.1.mlp.c_fc.weight
Freezed:  module.transformer.h.2.attn.c_attn.bias
Freezed:  module.transformer.h.1.mlp.c_fc.bias
Freezed:  module.transformer.h.2.attn.c_proj.weight
Freezed:  module.transformer.h.1.mlp.c_proj.weight
Freezed:  module.transformer.h.2.attn.c_proj.bias
Freezed:  module.transformer.h.1.mlp.c_proj.bias
Freezed:  module.transformer.h.2.ln_2.weight
Freezed:  module.transformer.h.2.ln_1.weight
Freezed:  module.transformer.h.2.ln_2.bias
Freezed:  module.transformer.h.2.ln_1.bias
Freezed:  module.transformer.h.2.mlp.c_fc.weight
Freezed:  module.transformer.h.2.attn.c_attn.weight
Freezed:  module.transformer.h.2.mlp.c_fc.bias
Freezed:  module.transformer.h.2.attn.c_attn.bias
Freezed:  module.transformer.h.2.mlp.c_proj.weight
Freezed:  module.transformer.h.2.mlp.c_proj.bias
Freezed:  module.transformer.h.2.attn.c_proj.weight
Freezed:  module.transformer.h.3.ln_1.weight
Freezed:  module.transformer.h.2.attn.c_proj.bias
Freezed:  module.transformer.h.3.ln_1.bias
Freezed:  module.transformer.h.2.ln_2.weight
Freezed:  module.transformer.h.3.attn.c_attn.weight
Freezed:  module.transformer.h.3.attn.c_attn.bias
Freezed:  module.transformer.h.2.ln_2.bias
Freezed:  module.transformer.h.3.attn.c_proj.weight
Freezed:  module.transformer.h.2.mlp.c_fc.weight
Freezed:  module.transformer.h.3.attn.c_proj.bias
Freezed:  module.transformer.h.2.mlp.c_fc.bias
Freezed:  module.transformer.h.2.mlp.c_proj.weight
Freezed:  module.transformer.h.3.ln_2.weight
Freezed:  module.transformer.h.2.mlp.c_proj.bias
Freezed:  module.transformer.h.3.ln_2.bias
Freezed:  module.transformer.h.3.ln_1.weight
Freezed:  module.transformer.h.3.mlp.c_fc.weight
Freezed:  module.transformer.h.3.ln_1.bias
Freezed:  module.transformer.h.3.mlp.c_fc.bias
Freezed:  module.transformer.h.3.attn.c_attn.weight
Freezed:  module.transformer.h.3.mlp.c_proj.weight
Freezed:  module.transformer.h.3.attn.c_attn.bias
Freezed:  module.transformer.h.3.mlp.c_proj.bias
Freezed:  module.transformer.h.3.attn.c_proj.weight
Freezed:  module.transformer.h.3.attn.c_proj.bias
Freezed:  module.transformer.h.4.ln_1.weight
Freezed:  module.transformer.h.3.ln_2.weight
Freezed:  module.transformer.h.4.ln_1.bias
Freezed:  module.transformer.h.3.ln_2.bias
Freezed:  module.transformer.h.4.attn.c_attn.weight
Freezed:  module.transformer.h.4.attn.c_attn.bias
Freezed:  module.transformer.h.3.mlp.c_fc.weight
Freezed:  module.transformer.h.3.mlp.c_fc.bias
Freezed:  module.transformer.h.4.attn.c_proj.weight
Freezed:  module.transformer.h.3.mlp.c_proj.weight
Freezed:  module.transformer.h.4.attn.c_proj.bias
Freezed:  module.transformer.h.3.mlp.c_proj.bias
Freezed:  module.transformer.h.4.ln_2.weight
Freezed:  module.transformer.h.4.ln_1.weight
Freezed:  module.transformer.h.4.ln_2.bias
Freezed:  module.transformer.h.4.ln_1.bias
Freezed:  module.transformer.h.4.mlp.c_fc.weight
Freezed:  module.transformer.h.4.attn.c_attn.weight
Freezed:  module.transformer.h.4.mlp.c_fc.bias
Freezed:  module.transformer.h.4.attn.c_attn.bias
Freezed:  module.transformer.h.4.mlp.c_proj.weight
Freezed:  module.transformer.h.4.attn.c_proj.weight
Freezed:  module.transformer.h.4.attn.c_proj.bias
Freezed:  module.transformer.h.4.mlp.c_proj.bias
Freezed:  module.transformer.h.4.ln_2.weight
Freezed:  module.transformer.h.5.ln_1.weight
Freezed:  module.transformer.h.4.ln_2.bias
Freezed:  module.transformer.h.5.ln_1.bias
Freezed:  module.transformer.h.4.mlp.c_fc.weight
Freezed:  module.transformer.h.4.mlp.c_fc.bias
Freezed:  module.transformer.h.5.attn.c_attn.weight
Freezed:  module.transformer.h.4.mlp.c_proj.weight
Freezed:  module.transformer.h.5.attn.c_attn.bias
Freezed:  module.transformer.h.4.mlp.c_proj.bias
Freezed:  module.transformer.h.5.attn.c_proj.weight
Freezed:  module.transformer.h.5.ln_1.weight
Freezed:  module.transformer.h.5.attn.c_proj.bias
Freezed:  module.transformer.h.5.ln_1.bias
Freezed:  module.transformer.h.5.ln_2.weight
Freezed:  module.transformer.h.5.attn.c_attn.weight
Freezed:  module.transformer.h.5.ln_2.bias
Freezed:  module.transformer.h.5.attn.c_attn.bias
Freezed:  module.transformer.h.5.mlp.c_fc.weight
Freezed:  module.transformer.h.5.attn.c_proj.weight
Freezed:  module.transformer.h.5.mlp.c_fc.bias
Freezed:  module.transformer.h.5.attn.c_proj.bias
Freezed:  module.transformer.h.5.mlp.c_proj.weight
Freezed:  module.transformer.h.5.ln_2.weight
Freezed:  module.transformer.h.5.mlp.c_proj.bias
Freezed:  module.transformer.h.5.ln_2.bias
EPOCH 0
--------------
Freezed:  module.transformer.h.5.mlp.c_fc.weight
Labels:  tensor([4, 2, 2, 0, 0, 3, 3, 0, 0, 0, 0, 1, 4, 2, 0, 4], device='cuda:0')
Freezed:  module.transformer.h.5.mlp.c_fc.bias
Preds:  tensor([1, 1, 1, 1, 1, 1, 1, 1, 1, 1, 1, 1, 1, 1, 1, 1], device='cuda:0')
Freezed:  module.transformer.h.5.mlp.c_proj.weight
Outputs:  tensor([[    0.0168,     0.9728,     0.0091,     0.0009,     0.0004],
        [    0.0140,     0.9821,     0.0037,     0.0002,     0.0000],
        [    0.1035,     0.8567,     0.0301,     0.0059,     0.0037],
        [    0.0250,     0.9644,     0.0092,     0.0011,     0.0003],
        [    0.1174,     0.7977,     0.0629,     0.0127,     0.0093],
        [    0.0098,     0.9858,     0.0041,     0.0004,     0.0000],
        [    0.0698,     0.9051,     0.0211,     0.0027,     0.0013],
        [    0.0078,     0.9893,     0.0027,     0.0002,     0.0001],
        [    0.0175,     0.9714,     0.0101,     0.0006,     0.0003],
        [    0.0112,     0.9851,     0.0034,     0.0004,     0.0000],
        [    0.0089,     0.9861,     0.0047,     0.0002,     0.0001],
        [    0.0348,     0.9508,     0.0122,     0.0017,     0.0005],
        [    0.1863,     0.7296,     0.0736,     0.0073,     0.0032],
        [    0.0403,     0.9385,     0.0196,     0.0013,     0.0003],
Freezed:  module.transformer.h.5.mlp.c_proj.bias
        [    0.0497,     0.9314,     0.0157,     0.0024,     0.0008],
        [    0.0098,     0.9864,     0.0036,     0.0002,     0.0000]],
       device='cuda:0')
EPOCH 0
--------------
Metric:  tensor(0.0625, device='cuda:0')
Labels:  tensor([0, 4, 0, 3, 0, 1, 2, 1, 4, 2, 1, 1, 4, 3, 1, 3], device='cuda:1')
------------------------
Preds:  tensor([1, 1, 1, 1, 1, 1, 1, 1, 1, 1, 1, 1, 1, 1, 1, 1], device='cuda:1')
Mean loss[4.4929949888198655] | Mean metric[0.2058321132259639]
Outputs:  tensor([[    0.0466,     0.9106,     0.0378,     0.0031,     0.0019],
        [    0.0306,     0.9613,     0.0072,     0.0006,     0.0004],
        [    0.0242,     0.9595,     0.0152,     0.0009,     0.0002],
        [    0.0194,     0.9720,     0.0079,     0.0005,     0.0002],
        [    0.0454,     0.9349,     0.0170,     0.0018,     0.0010],
